f(Cortisol),g(Epinephrine),h(CRH),Arousal
1.01224,1.00787,4.19525,2.63339
1.02452,1.01557,4.20232,2.67292
1.02452,1.01557,4.20232,2.67292
1.03685,1.02312,4.20708,2.71146
1.03685,1.02312,4.20708,2.71146
1.04921,1.03052,4.21031,2.74935
1.04921,1.03052,4.21031,2.74935
1.06159,1.03776,4.21236,2.78674
1.06159,1.03776,4.21236,2.78674
1.07400,1.04486,4.21332,2.82364
1.07400,1.04486,4.21332,2.82364
1.08643,1.05181,4.21321,2.86004
1.08643,1.05181,4.21321,2.86004
1.09888,1.05862,4.21453,2.89727
1.09888,1.05862,4.21453,2.89727
1.11134,1.06528,4.21473,2.93395
1.11134,1.06528,4.21473,2.93395
1.12383,1.07182,4.21400,2.97017
1.12383,1.07182,4.21400,2.97017
1.13632,1.07822,4.21255,3.00601
1.13632,1.07822,4.21255,3.00601
1.14883,1.08449,4.21049,3.04151
1.14883,1.08449,4.21049,3.04151
1.16134,1.09063,4.20805,3.07680
1.16134,1.09063,4.20805,3.07680
1.17387,1.09664,4.20528,3.11187
1.17387,1.09664,4.20528,3.11187
1.18639,1.10253,4.20285,3.14713
1.18639,1.10253,4.20285,3.14713
1.19893,1.10830,4.20021,3.18226
1.19893,1.10830,4.20021,3.18226
1.21147,1.11395,4.19722,3.21715
1.21147,1.11395,4.19722,3.21715
1.22401,1.11949,4.19390,3.25181
1.22401,1.11949,4.19390,3.25181
1.23655,1.12491,4.19030,3.28627
1.23655,1.12491,4.19030,3.28627
1.24910,1.13022,4.18650,3.32055
1.24910,1.13022,4.18650,3.32055
1.26164,1.13542,4.18255,3.35469
1.26164,1.13542,4.18255,3.35469
1.27419,1.14052,4.17849,3.38871
1.27419,1.14052,4.17849,3.38871
1.28673,1.14551,4.17436,3.42262
1.28673,1.14551,4.17436,3.42262
1.29927,1.15040,4.17111,3.45704
1.29927,1.15040,4.17111,3.45704
1.31181,1.15519,4.16912,3.49225
1.31181,1.15519,4.16912,3.49225
1.32436,1.15988,4.16646,3.52699
1.32436,1.15988,4.16646,3.52699
1.33691,1.16447,4.16339,3.56143
1.33691,1.16447,4.16339,3.56143
1.34945,1.16897,4.16010,3.59567
1.34945,1.16897,4.16010,3.59567
1.36200,1.17338,4.15670,3.62979
1.36200,1.17338,4.15670,3.62979
1.37455,1.17770,4.15325,3.66382
1.37455,1.17770,4.15325,3.66382
1.38709,1.18193,4.14979,3.69780
1.38709,1.18193,4.14979,3.69780
1.39963,1.18607,4.14637,3.73173
1.39963,1.18607,4.14637,3.73173
1.41217,1.19013,4.14299,3.76564
1.41217,1.19013,4.14299,3.76564
1.42471,1.19410,4.13967,3.79954
1.42471,1.19410,4.13967,3.79954
1.43725,1.19799,4.13728,3.83405
1.43725,1.19799,4.13728,3.83405
1.44978,1.20180,4.13507,3.86865
1.44978,1.20180,4.13507,3.86865
1.46232,1.20554,4.13282,3.90318
1.46232,1.20554,4.13282,3.90318
1.47485,1.20919,4.13049,3.93762
1.47485,1.20919,4.13049,3.93762
1.48739,1.21278,4.12811,3.97199
1.48739,1.21278,4.12811,3.97199
1.49992,1.21628,4.12571,4.00629
1.49992,1.21628,4.12571,4.00629
1.51246,1.21972,4.12332,4.04056
1.51246,1.21972,4.12332,4.04056
1.52499,1.22309,4.12095,4.07480
1.52499,1.22309,4.12095,4.07480
1.53752,1.22639,4.11864,4.10905
1.53752,1.22639,4.11864,4.10905
1.55005,1.22962,4.11638,4.14329
1.55005,1.22962,4.11638,4.14329
1.56258,1.23278,4.11528,4.17839
1.56258,1.23278,4.11528,4.17839
1.57511,1.23588,4.11371,4.21310
1.57511,1.23588,4.11371,4.21310
1.58764,1.23891,4.11196,4.24763
1.58764,1.23891,4.11196,4.24763
1.60017,1.24189,4.11017,4.28210
1.60017,1.24189,4.11017,4.28210
1.61270,1.24480,4.10839,4.31655
1.61270,1.24480,4.10839,4.31655
1.62523,1.24765,4.10667,4.35101
1.62523,1.24765,4.10667,4.35101
1.63776,1.25045,4.10583,4.38615
1.63776,1.25045,4.10583,4.38615
1.65029,1.25318,4.10522,4.42146
1.65029,1.25318,4.10522,4.42146
1.66282,1.25586,4.10452,4.45668
1.66282,1.25586,4.10452,4.45668
1.67536,1.25849,4.10371,4.49180
1.67536,1.25849,4.10371,4.49180
1.68789,1.26106,4.10282,4.52683
1.68789,1.26106,4.10282,4.52683
1.70043,1.26358,4.10188,4.56180
1.70043,1.26358,4.10188,4.56180
1.71297,1.26605,4.10092,4.59672
1.71297,1.26605,4.10092,4.59672
1.72551,1.26846,4.09994,4.63160
1.72551,1.26846,4.09994,4.63160
1.73804,1.27083,4.09901,4.66651
1.73804,1.27083,4.09901,4.66651
1.75058,1.27315,4.09810,4.70141
1.75058,1.27315,4.09810,4.70141
1.76312,1.27542,4.09722,4.73630
1.76312,1.27542,4.09722,4.73630
1.77566,1.27765,4.09637,4.77120
1.77566,1.27765,4.09637,4.77120
1.78819,1.27983,4.09556,4.80611
1.78819,1.27983,4.09556,4.80611
1.80073,1.28197,4.09480,4.84104
1.80073,1.28197,4.09480,4.84104
1.81327,1.28406,4.09394,4.87586
1.81327,1.28406,4.09394,4.87586
1.82580,1.28611,4.09314,4.91071
1.82580,1.28611,4.09314,4.91071
1.83833,1.28811,4.09239,4.94558
1.83833,1.28811,4.09239,4.94558
1.85087,1.29008,4.09169,4.98046
1.85087,1.29008,4.09169,4.98046
1.86340,1.29201,4.09104,5.01537
1.86340,1.29201,4.09104,5.01537
1.87593,1.29390,4.09043,5.05030
1.87593,1.29390,4.09043,5.05030
1.88846,1.29574,4.08984,5.08522
1.88846,1.29574,4.08984,5.08522
1.90098,1.29756,4.08934,5.12019
1.90098,1.29756,4.08934,5.12019
1.91351,1.29933,4.08883,5.15515
1.91351,1.29933,4.08883,5.15515
1.92603,1.30107,4.08838,5.19013
1.92603,1.30107,4.08838,5.19013
1.93856,1.30277,4.08794,5.22510
1.93856,1.30277,4.08794,5.22510
1.95108,1.30444,4.08755,5.26010
1.95108,1.30444,4.08755,5.26010
1.96360,1.30608,4.08717,5.29509
1.96360,1.30608,4.08717,5.29509
1.97612,1.30768,4.08684,5.33011
1.97612,1.30768,4.08684,5.33011
1.98864,1.30925,4.08652,5.36511
1.98864,1.30925,4.08652,5.36511
2.00115,1.31078,4.08624,5.40014
2.00115,1.31078,4.08624,5.40014
2.01367,1.31229,4.08676,5.43594
2.01367,1.31229,4.08676,5.43594
2.02618,1.31377,4.08735,5.47183
2.02618,1.31377,4.08735,5.47183
2.03870,1.31521,4.08786,5.50762
2.03870,1.31521,4.08786,5.50762
2.05121,1.31663,4.08825,5.54328
2.05121,1.31663,4.08825,5.54328
2.06373,1.31802,4.08852,5.57882
2.06373,1.31802,4.08852,5.57882
2.07625,1.31938,4.08872,5.61428
2.07625,1.31938,4.08872,5.61428
2.08876,1.32071,4.08996,5.65080
2.08876,1.32071,4.08996,5.65080
2.10128,1.32202,4.09064,5.68676
2.10128,1.32202,4.09064,5.68676
2.11380,1.32330,4.09096,5.72232
2.11380,1.32330,4.09096,5.72232
2.12631,1.32455,4.09112,5.75771
2.12631,1.32455,4.09112,5.75771
2.13883,1.32578,4.09123,5.79302
2.13883,1.32578,4.09123,5.79302
2.15134,1.32698,4.09132,5.82831
2.15134,1.32698,4.09132,5.82831
2.16385,1.32816,4.09139,5.86356
2.16385,1.32816,4.09139,5.86356
2.17636,1.32932,4.09149,5.89882
2.17636,1.32932,4.09149,5.89882
2.18886,1.33045,4.09162,5.93408
2.18886,1.33045,4.09162,5.93408
2.20137,1.33156,4.09176,5.96935
2.20137,1.33156,4.09176,5.96935
2.21386,1.33265,4.09191,6.00461
2.21386,1.33265,4.09191,6.00461
2.22636,1.33371,4.09207,6.03987
2.22636,1.33371,4.09207,6.03987
2.23885,1.33476,4.09223,6.07511
2.23885,1.33476,4.09223,6.07511
2.25134,1.33578,4.09237,6.11030
2.25134,1.33578,4.09237,6.11030
2.26382,1.33678,4.09252,6.14549
2.26382,1.33678,4.09252,6.14549
2.27631,1.33776,4.09268,6.18067
2.27631,1.33776,4.09268,6.18067
2.28878,1.33873,4.09286,6.21586
2.28878,1.33873,4.09286,6.21586
2.30126,1.33967,4.09295,6.25091
2.30126,1.33967,4.09295,6.25091
2.31372,1.34059,4.09301,6.28592
2.31372,1.34059,4.09301,6.28592
2.32619,1.34150,4.09311,6.32095
2.32619,1.34150,4.09311,6.32095
2.33865,1.34239,4.09321,6.35596
2.33865,1.34239,4.09321,6.35596
2.35110,1.34326,4.09332,6.39096
2.35110,1.34326,4.09332,6.39096
2.36355,1.34411,4.09344,6.42595
2.36355,1.34411,4.09344,6.42595
2.37599,1.34495,4.09358,6.46094
2.37599,1.34495,4.09358,6.46094
2.38843,1.34577,4.09376,6.49596
2.38843,1.34577,4.09376,6.49596
2.40086,1.34657,4.09394,6.53095
2.40086,1.34657,4.09394,6.53095
2.41329,1.34736,4.09411,6.56591
2.41329,1.34736,4.09411,6.56591
2.42571,1.34813,4.09428,6.60085
2.42571,1.34813,4.09428,6.60085
2.43812,1.34889,4.09446,6.63577
2.43812,1.34889,4.09446,6.63577
2.45053,1.34963,4.09463,6.67066
2.45053,1.34963,4.09463,6.67066
2.46293,1.35036,4.09481,6.70554
2.46293,1.35036,4.09481,6.70554
2.47533,1.35107,4.09500,6.74040
2.47533,1.35107,4.09500,6.74040
2.48772,1.35177,4.09518,6.77524
2.48772,1.35177,4.09518,6.77524
2.50010,1.35245,4.09541,6.81010
2.50010,1.35245,4.09541,6.81010
2.51248,1.35313,4.09562,6.84493
2.51248,1.35313,4.09562,6.84493
2.52485,1.35378,4.09582,6.87971
2.52485,1.35378,4.09582,6.87971
2.53721,1.35443,4.09602,6.91447
2.53721,1.35443,4.09602,6.91447
2.54957,1.35506,4.09622,6.94921
2.54957,1.35506,4.09622,6.94921
2.56192,1.35568,4.09642,6.98392
2.56192,1.35568,4.09642,6.98392
2.57426,1.35629,4.09663,7.01861
2.57426,1.35629,4.09663,7.01861
2.58659,1.35689,4.09684,7.05328
2.58659,1.35689,4.09684,7.05328
2.59892,1.35748,4.09708,7.08797
2.59892,1.35748,4.09708,7.08797
2.61123,1.35805,4.09731,7.12262
2.61123,1.35805,4.09731,7.12262
2.62354,1.35862,4.09754,7.15723
2.62354,1.35862,4.09754,7.15723
2.63585,1.35917,4.09776,7.19181
2.63585,1.35917,4.09776,7.19181
2.64814,1.35971,4.09798,7.22636
2.64814,1.35971,4.09798,7.22636
2.66042,1.36024,4.09820,7.26089
2.66042,1.36024,4.09820,7.26089
2.67270,1.36077,4.09843,7.29539
2.67270,1.36077,4.09843,7.29539
2.68497,1.36128,4.09869,7.32991
2.68497,1.36128,4.09869,7.32991
2.69723,1.36178,4.09893,7.36439
2.69723,1.36178,4.09893,7.36439
2.70948,1.36227,4.09918,7.39883
2.70948,1.36227,4.09918,7.39883
2.72172,1.36276,4.09941,7.43323
2.72172,1.36276,4.09941,7.43323
2.73395,1.36323,4.09966,7.46763
2.73395,1.36323,4.09966,7.46763
2.74617,1.36370,4.10070,7.50307
2.74617,1.36370,4.10070,7.50307
2.75839,1.36415,4.10185,7.53867
2.75839,1.36415,4.10185,7.53867
2.77060,1.36460,4.10287,7.57408
2.77060,1.36460,4.10287,7.57408
2.78280,1.36504,4.10377,7.60930
2.78280,1.36504,4.10377,7.60930
2.79500,1.36548,4.10451,7.64429
2.79500,1.36548,4.10451,7.64429
2.80718,1.36590,4.10515,7.67912
2.80718,1.36590,4.10515,7.67912
2.81936,1.36632,4.10571,7.71381
2.81936,1.36632,4.10571,7.71381
2.83153,1.36673,4.10622,7.74840
2.83153,1.36673,4.10622,7.74840
2.84369,1.36713,4.10671,7.78295
2.84369,1.36713,4.10671,7.78295
2.85585,1.36752,4.10713,7.81737
2.85585,1.36752,4.10713,7.81737
2.86799,1.36791,4.10757,7.85180
2.86799,1.36791,4.10757,7.85180
2.88012,1.36829,4.10792,7.88605
2.88012,1.36829,4.10792,7.88605
2.89224,1.36866,4.10823,7.92023
2.89224,1.36866,4.10823,7.92023
2.90435,1.36903,4.10854,7.95437
2.90435,1.36903,4.10854,7.95437
2.91645,1.36939,4.10886,7.98849
2.91645,1.36939,4.10886,7.98849
2.92853,1.36974,4.10918,8.02260
2.92853,1.36974,4.10918,8.02260
2.94061,1.37009,4.10952,8.05668
2.94061,1.37009,4.10952,8.05668
2.95268,1.37043,4.10986,8.09075
2.95268,1.37043,4.10986,8.09075
2.96473,1.37076,4.11020,8.12478
2.96473,1.37076,4.11020,8.12478
2.97677,1.37109,4.11055,8.15879
2.97677,1.37109,4.11055,8.15879
2.98880,1.37142,4.11090,8.19276
2.98880,1.37142,4.11090,8.19276
3.00082,1.37173,4.11124,8.22670
3.00082,1.37173,4.11124,8.22670
3.01283,1.37205,4.11155,8.26056
3.01283,1.37205,4.11155,8.26056
3.02482,1.37235,4.11188,8.29440
3.02482,1.37235,4.11188,8.29440
3.03680,1.37266,4.11222,8.32823
3.03680,1.37266,4.11222,8.32823
3.04877,1.37295,4.11256,8.36202
3.04877,1.37295,4.11256,8.36202
3.06073,1.37324,4.11290,8.39579
3.06073,1.37324,4.11290,8.39579
3.07267,1.37353,4.11324,8.42952
3.07267,1.37353,4.11324,8.42952
3.08461,1.37381,4.11361,8.46326
3.08461,1.37381,4.11361,8.46326
3.09653,1.37409,4.11397,8.49694
3.09653,1.37409,4.11397,8.49694
3.10843,1.37436,4.11428,8.53053
3.10843,1.37436,4.11428,8.53053
3.12032,1.37463,4.11461,8.56409
3.12032,1.37463,4.11461,8.56409
3.13220,1.37490,4.11494,8.59763
3.13220,1.37490,4.11494,8.59763
3.14407,1.37515,4.11528,8.63114
3.14407,1.37515,4.11528,8.63114
3.15592,1.37541,4.11561,8.66461
3.15592,1.37541,4.11561,8.66461
3.16776,1.37566,4.11595,8.69805
3.16776,1.37566,4.11595,8.69805
3.17959,1.37591,4.11628,8.73144
3.17959,1.37591,4.11628,8.73144
3.19140,1.37615,4.11662,8.76481
3.19140,1.37615,4.11662,8.76481
3.20320,1.37639,4.11696,8.79813
3.20320,1.37639,4.11696,8.79813
3.21498,1.37663,4.11730,8.83142
3.21498,1.37663,4.11730,8.83142
3.22675,1.37686,4.11764,8.86468
3.22675,1.37686,4.11764,8.86468
3.23851,1.37709,4.11794,8.89784
3.23851,1.37709,4.11794,8.89784
3.25025,1.37731,4.11826,8.93098
3.25025,1.37731,4.11826,8.93098
3.26197,1.37753,4.11874,8.96435
3.26197,1.37753,4.11874,8.96435
3.27369,1.37775,4.11917,8.99759
3.27369,1.37775,4.11917,8.99759
3.28538,1.37797,4.11953,9.03067
3.28538,1.37797,4.11953,9.03067
3.29707,1.37818,4.11987,9.06371
3.29707,1.37818,4.11987,9.06371
3.30874,1.37839,4.12021,9.09669
3.30874,1.37839,4.12021,9.09669
3.32039,1.37859,4.12055,9.12963
3.32039,1.37859,4.12055,9.12963
3.33203,1.37880,4.12414,9.16795
3.33203,1.37880,4.12414,9.16795
3.34366,1.37900,4.12603,9.20345
3.34366,1.37900,4.12603,9.20345
3.35529,1.37919,4.12716,9.23769
3.35529,1.37919,4.12716,9.23769
3.36690,1.37939,4.12795,9.27133
3.36690,1.37939,4.12795,9.27133
3.37850,1.37958,4.12859,9.30467
3.37850,1.37958,4.12859,9.30467
3.39009,1.37977,4.12917,9.33789
3.39009,1.37977,4.12917,9.33789
3.40166,1.37995,4.12963,9.37085
3.40166,1.37995,4.12963,9.37085
3.41322,1.38014,4.13007,9.40375
3.41322,1.38014,4.13007,9.40375
3.42476,1.38032,4.13052,9.43664
3.42476,1.38032,4.13052,9.43664
3.43628,1.38049,4.13096,9.46945
3.43628,1.38049,4.13096,9.46945
3.44779,1.38067,4.13142,9.50226
3.44779,1.38067,4.13142,9.50226
3.45929,1.38084,4.13190,9.53506
3.45929,1.38084,4.13190,9.53506
3.47076,1.38101,4.13234,9.56775
3.47076,1.38101,4.13234,9.56775
3.48222,1.38118,4.13279,9.60044
3.48222,1.38118,4.13279,9.60044
3.49367,1.38135,4.13326,9.63309
3.49367,1.38135,4.13326,9.63309
3.50510,1.38151,4.13368,9.66563
3.50510,1.38151,4.13368,9.66563
3.51651,1.38168,4.13411,9.69815
3.51651,1.38168,4.13411,9.69815
3.52790,1.38184,4.13455,9.73063
3.52790,1.38184,4.13455,9.73063
3.53928,1.38199,4.13495,9.76299
3.53928,1.38199,4.13495,9.76299
3.55064,1.38215,4.13536,9.79534
3.55064,1.38215,4.13536,9.79534
3.56199,1.38231,4.13578,9.82765
3.56199,1.38231,4.13578,9.82765
3.57332,1.38246,4.13615,9.85985
3.57332,1.38246,4.13615,9.85985
3.58462,1.38261,4.13655,9.89203
3.58462,1.38261,4.13655,9.89203
3.59592,1.38276,4.13694,9.92417
3.59592,1.38276,4.13694,9.92417
3.60719,1.38290,4.13731,9.95621
3.60719,1.38290,4.13731,9.95621
3.61845,1.38305,4.13768,9.98822
3.61845,1.38305,4.13768,9.98822
3.62969,1.38319,4.13806,10.02020
3.62969,1.38319,4.13806,10.02020
3.64091,1.38334,4.13844,10.05213
3.64091,1.38334,4.13844,10.05213
3.65211,1.38348,4.13878,10.08393
3.65211,1.38348,4.13878,10.08393
3.66330,1.38361,4.13913,10.11572
3.66330,1.38361,4.13913,10.11572
3.67447,1.38375,4.13950,10.14747
3.67447,1.38375,4.13950,10.14747
3.68562,1.38389,4.13986,10.17919
3.68562,1.38389,4.13986,10.17919
3.69675,1.38402,4.14019,10.21078
3.69675,1.38402,4.14019,10.21078
3.70786,1.38416,4.14053,10.24236
3.70786,1.38416,4.14053,10.24236
3.71895,1.38429,4.14089,10.27390
3.71895,1.38429,4.14089,10.27390
3.73003,1.38442,4.14124,10.30540
3.73003,1.38442,4.14124,10.30540
3.74108,1.38455,4.14156,10.33679
3.74108,1.38455,4.14156,10.33679
3.75212,1.38467,4.14190,10.36816
3.75212,1.38467,4.14190,10.36816
3.76314,1.38480,4.14225,10.39950
3.76314,1.38480,4.14225,10.39950
3.77413,1.38493,4.14261,10.43080
3.77413,1.38493,4.14261,10.43080
3.78511,1.38505,4.14292,10.46198
3.78511,1.38505,4.14292,10.46198
3.79607,1.38517,4.14317,10.49298
3.79607,1.38517,4.14317,10.49298
3.80701,1.38530,4.14426,10.52553
3.80701,1.38530,4.14426,10.52553
3.81794,1.38542,4.14545,10.55823
3.81794,1.38542,4.14545,10.55823
3.82885,1.38554,4.14656,10.59074
3.82885,1.38554,4.14656,10.59074
3.83974,1.38565,4.14750,10.62292
3.83974,1.38565,4.14750,10.62292
3.85061,1.38577,4.14832,10.65479
3.85061,1.38577,4.14832,10.65479
3.86147,1.38589,4.14919,10.68675
3.86147,1.38589,4.14919,10.68675
3.87231,1.38600,4.14991,10.71837
3.87231,1.38600,4.14991,10.71837
3.88313,1.38612,4.15053,10.74974
3.88313,1.38612,4.15053,10.74974
3.89393,1.38623,4.15109,10.78096
3.89393,1.38623,4.15109,10.78096
3.90471,1.38635,4.15163,10.81208
3.90471,1.38635,4.15163,10.81208
3.91548,1.38646,4.15043,10.83975
3.91548,1.38646,4.15043,10.83975
3.92621,1.38657,4.15000,10.86886
3.92621,1.38657,4.15000,10.86886
3.93693,1.38668,4.14996,10.89864
3.93693,1.38668,4.14996,10.89864
3.94762,1.38679,4.15009,10.92872
3.94762,1.38679,4.15009,10.92872
3.95829,1.38690,4.15030,10.95889
3.95829,1.38690,4.15030,10.95889
3.96894,1.38701,4.15060,10.98917
3.96894,1.38701,4.15060,10.98917
3.97956,1.38712,4.15090,11.01941
3.97956,1.38712,4.15090,11.01941
3.99017,1.38722,4.15122,11.04962
3.99017,1.38722,4.15122,11.04962
4.00075,1.38733,4.15154,11.07979
4.00075,1.38733,4.15154,11.07979
4.01132,1.38744,4.15443,11.11507
4.01132,1.38744,4.15443,11.11507
4.02187,1.38754,4.15601,11.14771
4.02187,1.38754,4.15601,11.14771
4.03241,1.38765,4.15696,11.17905
4.03241,1.38765,4.15696,11.17905
4.04293,1.38775,4.15762,11.20975
4.04293,1.38775,4.15762,11.20975
4.05343,1.38786,4.15814,11.24015
4.05343,1.38786,4.15814,11.24015
4.06391,1.38796,4.15861,11.27037
4.06391,1.38796,4.15861,11.27037
4.07437,1.38807,4.15909,11.30055
4.07437,1.38807,4.15909,11.30055
4.08481,1.38817,4.15953,11.33062
4.08481,1.38817,4.15953,11.33062
4.09523,1.38827,4.15994,11.36056
4.09523,1.38827,4.15994,11.36056
4.10562,1.38837,4.16038,11.39052
4.10562,1.38837,4.16038,11.39052
4.11600,1.38848,4.16080,11.42038
4.11600,1.38848,4.16080,11.42038
4.12635,1.38858,4.16126,11.45025
4.12635,1.38858,4.16126,11.45025
4.13668,1.38868,4.16158,11.47979
4.13668,1.38868,4.16158,11.47979
4.14699,1.38878,4.16190,11.50929
4.14699,1.38878,4.16190,11.50929
4.15728,1.38888,4.16225,11.53876
4.15728,1.38888,4.16225,11.53876
4.16755,1.38898,4.16261,11.56821
4.16755,1.38898,4.16261,11.56821
4.17779,1.38908,4.16299,11.59764
4.17779,1.38908,4.16299,11.59764
4.18801,1.38918,4.16333,11.62694
4.18801,1.38918,4.16333,11.62694
4.19821,1.38927,4.16370,11.65625
4.19821,1.38927,4.16370,11.65625
4.20839,1.38937,4.16409,11.68553
4.20839,1.38937,4.16409,11.68553
4.21855,1.38947,4.16444,11.71468
4.21855,1.38947,4.16444,11.71468
4.22868,1.38957,4.16482,11.74382
4.22868,1.38957,4.16482,11.74382
4.23879,1.38967,4.16517,11.77287
4.23879,1.38967,4.16517,11.77287
4.24888,1.38976,4.16555,11.80190
4.24888,1.38976,4.16555,11.80190
4.25895,1.38986,4.16591,11.83082
4.25895,1.38986,4.16591,11.83082
4.26899,1.38996,4.16629,11.85973
4.26899,1.38996,4.16629,11.85973
4.27901,1.39005,4.16664,11.88854
4.27901,1.39005,4.16664,11.88854
4.28901,1.39015,4.16702,11.91733
4.28901,1.39015,4.16702,11.91733
4.29899,1.39024,4.16737,11.94601
4.29899,1.39024,4.16737,11.94601
4.30894,1.39034,4.16774,11.97468
4.30894,1.39034,4.16774,11.97468
4.31887,1.39043,4.16809,12.00324
4.31887,1.39043,4.16809,12.00324
4.32878,1.39053,4.16847,12.03179
4.32878,1.39053,4.16847,12.03179
4.33866,1.39062,4.16882,12.06023
4.33866,1.39062,4.16882,12.06023
4.34852,1.39072,4.16920,12.08867
4.34852,1.39072,4.16920,12.08867
4.35836,1.39081,4.16759,12.11273
4.35836,1.39081,4.16759,12.11273
4.36817,1.39090,4.16697,12.13883
4.36817,1.39090,4.16697,12.13883
4.37795,1.39100,4.16681,12.16586
4.37795,1.39100,4.16681,12.16586
4.38771,1.39109,4.16686,12.19329
4.38771,1.39109,4.16686,12.19329
4.39744,1.39119,4.16700,12.22085
4.39744,1.39119,4.16700,12.22085
4.40714,1.39128,4.16719,12.24844
4.40714,1.39128,4.16719,12.24844
4.41683,1.39138,4.16741,12.27606
4.41683,1.39138,4.16741,12.27606
4.42648,1.39147,4.16766,12.30366
4.42648,1.39147,4.16766,12.30366
4.43612,1.39156,4.16793,12.33124
4.43612,1.39156,4.16793,12.33124
4.44573,1.39166,4.16820,12.35878
4.44573,1.39166,4.16820,12.35878
4.45532,1.39175,4.16849,12.38628
4.45532,1.39175,4.16849,12.38628
4.46488,1.39185,4.16878,12.41373
4.46488,1.39185,4.16878,12.41373
4.47442,1.39194,4.16909,12.44115
4.47442,1.39194,4.16909,12.44115
4.48394,1.39204,4.16935,12.46841
4.48394,1.39204,4.16935,12.46841
4.49343,1.39213,4.16965,12.49568
4.49343,1.39213,4.16965,12.49568
4.50289,1.39222,4.16996,12.52293
4.50289,1.39222,4.16996,12.52293
4.51234,1.39232,4.17025,12.55005
4.51234,1.39232,4.17025,12.55005
4.52176,1.39241,4.17057,12.57718
4.52176,1.39241,4.17057,12.57718
4.53115,1.39251,4.17088,12.60423
4.53115,1.39251,4.17088,12.60423
4.54053,1.39260,4.17122,12.63130
4.54053,1.39260,4.17122,12.63130
4.54987,1.39270,4.17155,12.65827
4.54987,1.39270,4.17155,12.65827
4.55920,1.39279,4.17192,12.68525
4.55920,1.39279,4.17192,12.68525
4.56850,1.39289,4.17226,12.71212
4.56850,1.39289,4.17226,12.71212
4.57777,1.39298,4.17263,12.73899
4.57777,1.39298,4.17263,12.73899
4.58702,1.39308,4.17297,12.76574
4.58702,1.39308,4.17297,12.76574
4.59625,1.39317,4.17336,12.79253
4.59625,1.39317,4.17336,12.79253
4.60545,1.39327,4.17362,12.81896
4.60545,1.39327,4.17362,12.81896
4.61463,1.39336,4.17389,12.84536
4.61463,1.39336,4.17389,12.84536
4.62379,1.39346,4.17420,12.87177
4.62379,1.39346,4.17420,12.87177
4.63291,1.39355,4.17453,12.89817
4.63291,1.39355,4.17453,12.89817
4.64202,1.39365,4.17485,12.92447
4.64202,1.39365,4.17485,12.92447
4.65110,1.39374,4.17520,12.95081
4.65110,1.39374,4.17520,12.95081
4.66016,1.39384,4.17555,12.97706
4.66016,1.39384,4.17555,12.97706
4.66919,1.39393,4.17674,13.00520
4.66919,1.39393,4.17674,13.00520
4.67820,1.39403,4.17808,13.03365
4.67820,1.39403,4.17808,13.03365
4.68719,1.39412,4.17925,13.06167
4.68719,1.39412,4.17925,13.06167
4.69616,1.39422,4.18026,13.08926
4.69616,1.39422,4.18026,13.08926
4.70511,1.39431,4.18113,13.11647
4.70511,1.39431,4.18113,13.11647
4.71403,1.39441,4.17975,13.13833
4.71403,1.39441,4.17975,13.13833
4.72292,1.39450,4.17937,13.16244
4.72292,1.39450,4.17937,13.16244
4.73179,1.39460,4.17944,13.18753
4.73179,1.39460,4.17944,13.18753
4.74063,1.39469,4.17969,13.21299
4.74063,1.39469,4.17969,13.21299
4.74944,1.39479,4.18005,13.23863
4.74944,1.39479,4.18005,13.23863
4.75823,1.39489,4.18046,13.26433
4.75823,1.39489,4.18046,13.26433
4.76700,1.39498,4.18083,13.28989
4.76700,1.39498,4.18083,13.28989
4.77574,1.39508,4.18125,13.31548
4.77574,1.39508,4.18125,13.31548
4.78445,1.39518,4.18163,13.34092
4.78445,1.39518,4.18163,13.34092
4.79314,1.39528,4.18205,13.36639
4.79314,1.39528,4.18205,13.36639
4.80181,1.39537,4.18242,13.39170
4.80181,1.39537,4.18242,13.39170
4.81045,1.39547,4.18286,13.41709
4.81045,1.39547,4.18286,13.41709
4.81907,1.39557,4.18315,13.44206
4.81907,1.39557,4.18315,13.44206
4.82766,1.39567,4.18347,13.46702
4.82766,1.39567,4.18347,13.46702
4.83622,1.39577,4.18378,13.49191
4.83622,1.39577,4.18378,13.49191
4.84476,1.39587,4.18415,13.51686
4.84476,1.39587,4.18415,13.51686
4.85328,1.39597,4.18450,13.54172
4.85328,1.39597,4.18450,13.54172
4.86177,1.39607,4.18490,13.56663
4.86177,1.39607,4.18490,13.56663
4.87024,1.39617,4.18528,13.59142
4.87024,1.39617,4.18528,13.59142
4.87868,1.39627,4.18588,13.61668
4.87868,1.39627,4.18588,13.61668
4.88709,1.39637,4.18636,13.64159
4.88709,1.39637,4.18636,13.64159
4.89549,1.39647,4.18681,13.66637
4.89549,1.39647,4.18681,13.66637
4.90385,1.39657,4.18725,13.69105
4.90385,1.39657,4.18725,13.69105
4.91220,1.39667,4.18768,13.71564
4.91220,1.39667,4.18768,13.71564
4.92051,1.39677,4.18811,13.74016
4.92051,1.39677,4.18811,13.74016
4.92881,1.39687,4.18853,13.76462
4.92881,1.39687,4.18853,13.76462
4.93707,1.39697,4.18896,13.78901
4.93707,1.39697,4.18896,13.78901
4.94532,1.39707,4.18939,13.81336
4.94532,1.39707,4.18939,13.81336
4.95353,1.39717,4.18984,13.83766
4.95353,1.39717,4.18984,13.83766
4.96173,1.39727,4.19029,13.86193
4.96173,1.39727,4.19029,13.86193
4.96989,1.39738,4.19065,13.88587
4.96989,1.39738,4.19065,13.88587
4.97804,1.39748,4.19102,13.90980
4.97804,1.39748,4.19102,13.90980
4.98615,1.39758,4.19137,13.93361
4.98615,1.39758,4.19137,13.93361
4.99425,1.39768,4.19177,13.95748
4.99425,1.39768,4.19177,13.95748
5.00231,1.39778,4.19215,13.98123
5.00231,1.39778,4.19215,13.98123
5.01035,1.39789,4.19022,13.99913
5.01035,1.39789,4.19022,13.99913
5.01836,1.39799,4.18944,14.01979
5.01836,1.39799,4.18944,14.01979
5.02634,1.39809,4.18923,14.04180
5.02634,1.39809,4.18923,14.04180
5.03428,1.39819,4.18929,14.06441
5.03428,1.39819,4.18929,14.06441
5.03683,1.39831,2.58388,10.02876
5.03683,1.39831,2.58388,10.02876
5.03768,1.39844,2.57503,10.00850
5.03768,1.39844,2.57503,10.00850
5.03847,1.39858,2.56223,9.97817
5.03847,1.39858,2.56223,9.97817
5.03918,1.39874,2.52937,9.89718
5.03918,1.39874,2.52937,9.89718
5.03976,1.39890,2.51696,9.86744
5.03976,1.39890,2.51696,9.86744
5.04025,1.39908,2.50378,9.83565
5.04025,1.39908,2.50378,9.83565
5.04068,1.39927,2.48441,9.78815
5.04068,1.39927,2.48441,9.78815
5.04102,1.39947,2.45914,9.72563
5.04102,1.39947,2.45914,9.72563
5.04120,1.39969,2.40438,9.58849
5.04120,1.39969,2.40438,9.58849
5.04113,1.39992,2.36724,9.49533
5.04113,1.39992,2.36724,9.49533
5.04088,1.40017,2.34730,9.44522
5.04088,1.40017,2.34730,9.44522
5.04054,1.40042,2.32758,9.39552
5.04054,1.40042,2.32758,9.39552
5.03998,1.40070,2.25698,9.21724
5.03998,1.40070,2.25698,9.21724
5.03919,1.40098,2.23566,9.16280
5.03919,1.40098,2.23566,9.16280
5.03830,1.40128,2.21518,9.11032
5.03830,1.40128,2.21518,9.11032
5.03730,1.40159,2.20614,9.08656
5.03730,1.40159,2.20614,9.08656
5.03624,1.40192,2.17137,8.99792
5.03624,1.40192,2.17137,8.99792
5.03501,1.40226,2.14143,8.92121
5.03501,1.40226,2.14143,8.92121
5.03363,1.40262,2.11110,8.84333
5.03363,1.40262,2.11110,8.84333
5.03208,1.40299,2.07858,8.75974
5.03208,1.40299,2.07858,8.75974
5.03041,1.40338,2.07421,8.74679
5.03041,1.40338,2.07421,8.74679
5.02872,1.40377,2.06657,8.72564
5.02872,1.40377,2.06657,8.72564
5.02699,1.40418,2.05730,8.70036
5.02699,1.40418,2.05730,8.70036
5.02522,1.40461,2.04504,8.66756
5.02522,1.40461,2.04504,8.66756
5.02338,1.40504,2.03382,8.63731
5.02338,1.40504,2.03382,8.63731
5.02149,1.40550,2.03164,8.62973
5.02149,1.40550,2.03164,8.62973
5.01960,1.40596,2.02466,8.61012
5.01960,1.40596,2.02466,8.61012
5.01767,1.40644,2.01679,8.58827
5.01767,1.40644,2.01679,8.58827
5.01570,1.40694,2.00874,8.56596
5.01570,1.40694,2.00874,8.56596
5.01370,1.40744,1.99578,8.53130
5.01370,1.40744,1.99578,8.53130
5.01163,1.40796,1.98532,8.50288
5.01163,1.40796,1.98532,8.50288
5.00951,1.40849,1.98533,8.50065
5.00951,1.40849,1.98533,8.50065
5.00740,1.40904,1.98237,8.49102
5.00740,1.40904,1.98237,8.49102
5.00527,1.40960,1.97549,8.47160
5.00527,1.40960,1.97549,8.47160
5.00311,1.41017,1.96851,8.45192
5.00311,1.41017,1.96851,8.45192
5.00092,1.41076,1.96178,8.43285
5.00092,1.41076,1.96178,8.43285
4.99870,1.41135,1.95539,8.41462
4.99870,1.41135,1.95539,8.41462
4.99645,1.41196,1.94755,8.39277
4.99645,1.41196,1.94755,8.39277
4.99417,1.41258,1.94807,8.39180
4.99417,1.41258,1.94807,8.39180
4.99189,1.41322,1.94606,8.38453
4.99189,1.41322,1.94606,8.38453
4.98960,1.41386,1.94266,8.37381
4.98960,1.41386,1.94266,8.37381
4.98730,1.41452,1.93688,8.35717
4.98730,1.41452,1.93688,8.35717
4.98498,1.41519,1.93139,8.34127
4.98498,1.41519,1.93139,8.34127
4.98263,1.41587,1.92623,8.32616
4.98263,1.41587,1.92623,8.32616
4.98025,1.41657,1.92155,8.31229
4.98025,1.41657,1.92155,8.31229
4.97786,1.41727,1.91733,8.29954
4.97786,1.41727,1.91733,8.29954
4.97545,1.41798,1.91196,8.28392
4.97545,1.41798,1.91196,8.28392
4.97302,1.41871,1.91425,8.28738
4.97302,1.41871,1.91425,8.28738
4.97060,1.41945,1.91413,8.28489
4.97060,1.41945,1.91413,8.28489
4.96819,1.42019,1.91261,8.27893
4.96819,1.42019,1.91261,8.27893
4.96577,1.42095,1.91023,8.27089
4.96577,1.42095,1.91023,8.27089
4.96334,1.42172,1.90591,8.25804
4.96334,1.42172,1.90591,8.25804
4.96090,1.42250,1.90202,8.24623
4.96090,1.42250,1.90202,8.24623
4.95844,1.42329,1.89848,8.23533
4.95844,1.42329,1.89848,8.23533
4.95596,1.42408,1.89539,8.22554
4.95596,1.42408,1.89539,8.22554
4.95348,1.42489,1.89271,8.21677
4.95348,1.42489,1.89271,8.21677
4.95098,1.42571,1.89042,8.20899
4.95098,1.42571,1.89042,8.20899
4.94848,1.42653,1.88675,8.19780
4.94848,1.42653,1.88675,8.19780
4.94597,1.42737,1.88382,8.18846
4.94597,1.42737,1.88382,8.18846
4.94344,1.42822,1.88150,8.18063
4.94344,1.42822,1.88150,8.18063
4.94090,1.42907,1.88548,8.18838
4.94090,1.42907,1.88548,8.18838
4.93839,1.42993,1.88723,8.19066
4.93839,1.42993,1.88723,8.19066
4.93590,1.43080,1.88756,8.18950
4.93590,1.43080,1.88756,8.18950
4.93340,1.43168,1.88538,8.18215
4.93340,1.43168,1.88538,8.18215
4.93090,1.43257,1.88319,8.17479
4.93090,1.43257,1.88319,8.17479
4.92840,1.43347,1.88112,8.16774
4.92840,1.43347,1.88112,8.16774
4.92589,1.43437,1.87924,8.16118
4.92589,1.43437,1.87924,8.16118
4.92337,1.43528,1.87758,8.15517
4.92337,1.43528,1.87758,8.15517
4.92085,1.43620,1.87615,8.14974
4.92085,1.43620,1.87615,8.14974
4.91832,1.43713,1.87487,8.14469
4.91832,1.43713,1.87487,8.14469
4.91580,1.43806,1.87217,8.13615
4.91580,1.43806,1.87217,8.13615
4.91326,1.43900,1.87012,8.12924
4.91326,1.43900,1.87012,8.12924
4.91072,1.43995,1.86858,8.12357
4.91072,1.43995,1.86858,8.12357
4.90817,1.44091,1.86743,8.11889
4.90817,1.44091,1.86743,8.11889
4.90563,1.44187,1.86659,8.11497
4.90563,1.44187,1.86659,8.11497
4.90308,1.44284,1.86599,8.11166
4.90308,1.44284,1.86599,8.11166
4.90053,1.44381,1.86552,8.10868
4.90053,1.44381,1.86552,8.10868
4.89799,1.44479,1.86381,8.10270
4.89799,1.44479,1.86381,8.10270
4.89544,1.44578,1.86264,8.09802
4.89544,1.44578,1.86264,8.09802
4.89289,1.44677,1.86185,8.09432
4.89289,1.44677,1.86185,8.09432
4.89034,1.44777,1.86136,8.09135
4.89034,1.44777,1.86136,8.09135
4.88780,1.44878,1.86110,8.08894
4.88780,1.44878,1.86110,8.08894
4.88525,1.44979,1.86101,8.08699
4.88525,1.44979,1.86101,8.08699
4.88271,1.45081,1.86098,8.08519
4.88271,1.45081,1.86098,8.08519
4.88018,1.45183,1.86104,8.08363
4.88018,1.45183,1.86104,8.08363
4.87764,1.45285,1.85983,8.07900
4.87764,1.45285,1.85983,8.07900
4.87511,1.45389,1.85909,8.07550
4.87511,1.45389,1.85909,8.07550
4.87258,1.45492,1.85868,8.07282
4.87258,1.45492,1.85868,8.07282
4.87005,1.45596,1.85850,8.07074
4.87005,1.45596,1.85850,8.07074
4.86752,1.45701,1.85851,8.06913
4.86752,1.45701,1.85851,8.06913
4.85734,1.44934,0.44409,4.59847
4.85734,1.44934,0.44409,4.59847
4.84718,1.44184,0.44418,4.57090
4.84718,1.44184,0.44418,4.57090
4.83705,1.43450,0.44433,4.54396
4.83705,1.43450,0.44433,4.54396
4.82693,1.42733,0.44426,4.51700
4.82693,1.42733,0.44426,4.51700
4.81684,1.42033,0.44432,4.49082
4.81684,1.42033,0.44432,4.49082
4.80677,1.41348,0.44448,4.46535
4.80677,1.41348,0.44448,4.46535
4.79672,1.40678,0.44473,4.44055
4.79672,1.40678,0.44473,4.44055
4.78669,1.40024,0.44505,4.41638
4.78669,1.40024,0.44505,4.41638
4.77669,1.39385,0.44543,4.39280
4.77669,1.39385,0.44543,4.39280
4.76671,1.38760,0.44588,4.36978
4.76671,1.38760,0.44588,4.36978
4.75675,1.38149,0.44637,4.34729
4.75675,1.38149,0.44637,4.34729
4.74681,1.37552,0.44690,4.32533
4.74681,1.37552,0.44690,4.32533
4.73690,1.36969,0.44731,4.30346
4.73690,1.36969,0.44731,4.30346
4.72702,1.36400,0.44779,4.28215
4.72702,1.36400,0.44779,4.28215
4.71715,1.35843,0.44834,4.26137
4.71715,1.35843,0.44834,4.26137
4.70731,1.35300,0.44893,4.24107
4.70731,1.35300,0.44893,4.24107
4.69749,1.34768,0.44955,4.22121
4.69749,1.34768,0.44955,4.22121
4.68770,1.34250,0.45006,4.20145
4.68770,1.34250,0.45006,4.20145
4.67793,1.33743,0.45056,4.18200
4.67793,1.33743,0.45056,4.18200
4.66818,1.33248,0.45108,4.16295
4.66818,1.33248,0.45108,4.16295
4.65846,1.32764,0.45164,4.14432
4.65846,1.32764,0.45164,4.14432
4.64876,1.32292,0.45224,4.12611
4.64876,1.32292,0.45224,4.12611
4.63908,1.31831,0.45287,4.10829
4.63908,1.31831,0.45287,4.10829
4.62943,1.31381,0.45357,4.09094
4.62943,1.31381,0.45357,4.09094
4.61980,1.30941,0.45428,4.07391
4.61980,1.30941,0.45428,4.07391
4.61019,1.30512,0.45499,4.05718
4.61019,1.30512,0.45499,4.05718
4.60061,1.30092,0.45570,4.04074
4.60061,1.30092,0.45570,4.04074
4.59105,1.29683,0.45643,4.02462
4.59105,1.29683,0.45643,4.02462
4.58152,1.29284,0.45698,4.00837
4.58152,1.29284,0.45698,4.00837
4.57201,1.28894,0.45749,3.99231
4.57201,1.28894,0.45749,3.99231
4.56252,1.28513,0.45801,3.97651
4.56252,1.28513,0.45801,3.97651
4.55306,1.28141,0.45854,3.96103
4.55306,1.28141,0.45854,3.96103
4.54361,1.27779,0.45912,3.94588
4.54361,1.27779,0.45912,3.94588
4.53419,1.27425,0.45972,3.93103
4.53419,1.27425,0.45972,3.93103
4.52480,1.27079,0.45882,3.91303
4.52480,1.27079,0.45882,3.91303
4.51542,1.26742,0.45861,3.89685
4.51542,1.26742,0.45861,3.89685
4.50605,1.26413,0.45885,3.88188
4.50605,1.26413,0.45885,3.88188
4.49671,1.26092,0.45935,3.86775
4.49671,1.26092,0.45935,3.86775
4.48739,1.25779,0.46002,3.85420
4.48739,1.25779,0.46002,3.85420
4.47810,1.25474,0.46063,3.84076
4.47810,1.25474,0.46063,3.84076
4.46882,1.25176,0.46126,3.82755
4.46882,1.25176,0.46126,3.82755
4.45957,1.24886,0.46192,3.81462
4.45957,1.24886,0.46192,3.81462
4.45034,1.24602,0.46261,3.80197
4.45034,1.24602,0.46261,3.80197
4.44114,1.24326,0.46337,3.78966
4.44114,1.24326,0.46337,3.78966
4.43196,1.24057,0.46413,3.77754
4.43196,1.24057,0.46413,3.77754
4.42280,1.23794,0.46489,3.76560
4.42280,1.23794,0.46489,3.76560
4.41367,1.23538,0.46563,3.75382
4.41367,1.23538,0.46563,3.75382
4.40455,1.23289,0.46636,3.74217
4.40455,1.23289,0.46636,3.74217
4.39547,1.23045,0.46708,3.73069
4.39547,1.23045,0.46708,3.73069
4.38640,1.22808,0.46778,3.71933
4.38640,1.22808,0.46778,3.71933
4.37736,1.22577,0.46846,3.70809
4.37736,1.22577,0.46846,3.70809
4.36834,1.22352,0.46911,3.69696
4.36834,1.22352,0.46911,3.69696
4.35934,1.22133,0.46823,3.68264
4.35934,1.22133,0.46823,3.68264
4.35036,1.21919,0.46806,3.67004
4.35036,1.21919,0.46806,3.67004
4.34139,1.21711,0.46834,3.65856
4.34139,1.21711,0.46834,3.65856
4.33245,1.21508,0.46888,3.64780
4.33245,1.21508,0.46888,3.64780
4.32353,1.21311,0.46943,3.63720
4.32353,1.21311,0.46943,3.63720
4.31462,1.21118,0.47001,3.62683
4.31462,1.21118,0.47001,3.62683
4.30575,1.20931,0.47065,3.61670
4.30575,1.20931,0.47065,3.61670
4.29689,1.20749,0.47132,3.60679
4.29689,1.20749,0.47132,3.60679
4.28805,1.20572,0.47202,3.59706
4.28805,1.20572,0.47202,3.59706
4.27924,1.20399,0.47272,3.58748
4.27924,1.20399,0.47272,3.58748
4.27045,1.20231,0.47342,3.57802
4.27045,1.20231,0.47342,3.57802
4.26168,1.20068,0.47410,3.56865
4.26168,1.20068,0.47410,3.56865
4.25294,1.19909,0.47478,3.55938
4.25294,1.19909,0.47478,3.55938
4.24421,1.19754,0.47543,3.55018
4.24421,1.19754,0.47543,3.55018
4.23551,1.19604,0.47610,3.54114
4.23551,1.19604,0.47610,3.54114
4.22683,1.19457,0.47675,3.53216
4.22683,1.19457,0.47675,3.53216
4.21817,1.19315,0.47736,3.52323
4.21817,1.19315,0.47736,3.52323
4.20954,1.19177,0.47795,3.51433
4.20954,1.19177,0.47795,3.51433
4.20092,1.19043,0.47851,3.50550
4.20092,1.19043,0.47851,3.50550
4.19233,1.18912,0.47905,3.49672
4.19233,1.18912,0.47905,3.49672
4.18375,1.18785,0.47957,3.48800
4.18375,1.18785,0.47957,3.48800
4.17520,1.18662,0.48007,3.47934
4.17520,1.18662,0.48007,3.47934
4.16667,1.18543,0.48055,3.47076
4.16667,1.18543,0.48055,3.47076
4.15816,1.18426,0.48103,3.46224
4.15816,1.18426,0.48103,3.46224
4.14967,1.18314,0.48149,3.45378
4.14967,1.18314,0.48149,3.45378
4.14120,1.18204,0.48045,3.44232
4.14120,1.18204,0.48045,3.44232
4.13274,1.18098,0.48016,3.43250
4.13274,1.18098,0.48016,3.43250
4.12430,1.17995,0.48096,3.42500
4.12430,1.17995,0.48096,3.42500
4.11588,1.17895,0.48186,3.41780
4.11588,1.17895,0.48186,3.41780
4.10748,1.17798,0.48279,3.41076
4.10748,1.17798,0.48279,3.41076
4.09911,1.17704,0.48356,3.40346
4.09911,1.17704,0.48356,3.40346
4.09076,1.17613,0.48426,3.39608
4.09076,1.17613,0.48426,3.39608
4.08242,1.17525,0.48493,3.38874
4.08242,1.17525,0.48493,3.38874
4.07411,1.17439,0.48560,3.38147
4.07411,1.17439,0.48560,3.38147
4.06583,1.17357,0.48626,3.37425
4.06583,1.17357,0.48626,3.37425
4.05756,1.17277,0.48691,3.36709
4.05756,1.17277,0.48691,3.36709
4.04931,1.17199,0.48757,3.36000
4.04931,1.17199,0.48757,3.36000
4.04109,1.17124,0.48819,3.35293
4.04109,1.17124,0.48819,3.35293
4.03288,1.17052,0.48880,3.34587
4.03288,1.17052,0.48880,3.34587
4.02470,1.16982,0.48938,3.33883
4.02470,1.16982,0.48938,3.33883
4.01653,1.16914,0.48997,3.33189
4.01653,1.16914,0.48997,3.33189
4.00839,1.16848,0.49052,3.32494
4.00839,1.16848,0.49052,3.32494
4.00026,1.16785,0.49105,3.31799
4.00026,1.16785,0.49105,3.31799
3.99216,1.16724,0.49155,3.31105
3.99216,1.16724,0.49155,3.31105
3.98408,1.16665,0.49203,3.30412
3.98408,1.16665,0.49203,3.30412
3.97601,1.16608,0.49249,3.29722
3.97601,1.16608,0.49249,3.29722
3.96797,1.16553,0.49293,3.29034
3.96797,1.16553,0.49293,3.29034
3.95994,1.16501,0.49336,3.28348
3.95994,1.16501,0.49336,3.28348
3.95194,1.16450,0.49378,3.27666
3.95194,1.16450,0.49378,3.27666
3.94395,1.16401,0.49418,3.26986
3.94395,1.16401,0.49418,3.26986
3.93598,1.16354,0.49457,3.26310
3.93598,1.16354,0.49457,3.26310
3.92803,1.16308,0.49496,3.25637
3.92803,1.16308,0.49496,3.25637
3.92010,1.16265,0.49533,3.24968
3.92010,1.16265,0.49533,3.24968
3.91219,1.16223,0.49570,3.24302
3.91219,1.16223,0.49570,3.24302
3.90430,1.16183,0.49606,3.23639
3.90430,1.16183,0.49606,3.23639
3.89642,1.16144,0.49641,3.22980
3.89642,1.16144,0.49641,3.22980
3.88857,1.16107,0.49676,3.22325
3.88857,1.16107,0.49676,3.22325
3.88073,1.16072,0.49711,3.21675
3.88073,1.16072,0.49711,3.21675
3.87291,1.16038,0.49596,3.20738
3.87291,1.16038,0.49596,3.20738
3.86510,1.16005,0.49560,3.19959
3.86510,1.16005,0.49560,3.19959
3.85731,1.15974,0.49572,3.19278
3.85731,1.15974,0.49572,3.19278
3.84953,1.15945,0.49612,3.18654
3.84953,1.15945,0.49612,3.18654
3.84177,1.15917,0.49668,3.18065
3.84177,1.15917,0.49668,3.18065
3.83403,1.15890,0.49731,3.17494
3.83403,1.15890,0.49731,3.17494
3.82631,1.15864,0.49797,3.16932
3.82631,1.15864,0.49797,3.16932
3.81861,1.15840,0.49863,3.16374
3.81861,1.15840,0.49863,3.16374
3.81093,1.15817,0.49928,3.15818
3.81093,1.15817,0.49928,3.15818
3.80327,1.15796,0.49990,3.15261
3.80327,1.15796,0.49990,3.15261
3.79563,1.15775,0.50050,3.14702
3.79563,1.15775,0.50050,3.14702
3.78801,1.15756,0.50107,3.14141
3.78801,1.15756,0.50107,3.14141
3.78040,1.15738,0.50161,3.13578
3.78040,1.15738,0.50161,3.13578
3.77282,1.15720,0.50213,3.13014
3.77282,1.15720,0.50213,3.13014
3.76526,1.15704,0.50262,3.12449
3.76526,1.15704,0.50262,3.12449
3.75771,1.15689,0.50309,3.11883
3.75771,1.15689,0.50309,3.11883
3.75018,1.15675,0.50354,3.11317
3.75018,1.15675,0.50354,3.11317
3.74267,1.15662,0.50384,3.10726
3.74267,1.15662,0.50384,3.10726
3.73518,1.15650,0.50408,3.10125
3.73518,1.15650,0.50408,3.10125
3.72770,1.15639,0.50430,3.09525
3.72770,1.15639,0.50430,3.09525
3.72024,1.15629,0.50455,3.08934
3.72024,1.15629,0.50455,3.08934
3.71280,1.15620,0.50483,3.08349
3.71280,1.15620,0.50483,3.08349
3.70538,1.15611,0.50512,3.07771
3.70538,1.15611,0.50512,3.07771
3.69797,1.15604,0.50543,3.07199
3.69797,1.15604,0.50543,3.07199
3.69058,1.15597,0.50575,3.06631
3.69058,1.15597,0.50575,3.06631
3.68321,1.15591,0.50607,3.06067
3.68321,1.15591,0.50607,3.06067
3.67585,1.15586,0.50639,3.05505
3.67585,1.15586,0.50639,3.05505
3.66851,1.15581,0.50671,3.04946
3.66851,1.15581,0.50671,3.04946
3.66119,1.15577,0.50703,3.04389
3.66119,1.15577,0.50703,3.04389
3.65389,1.15574,0.50735,3.03833
3.65389,1.15574,0.50735,3.03833
3.64660,1.15572,0.50766,3.03280
3.64660,1.15572,0.50766,3.03280
3.63933,1.15570,0.50797,3.02728
3.63933,1.15570,0.50797,3.02728
3.63208,1.15569,0.50827,3.02178
3.63208,1.15569,0.50827,3.02178
3.62484,1.15569,0.50857,3.01629
3.62484,1.15569,0.50857,3.01629
3.61762,1.15569,0.50887,3.01082
3.61762,1.15569,0.50887,3.01082
3.61042,1.15569,0.50916,3.00538
3.61042,1.15569,0.50916,3.00538
3.60323,1.15571,0.50946,2.99995
3.60323,1.15571,0.50946,2.99995
3.59606,1.15573,0.50975,2.99453
3.59606,1.15573,0.50975,2.99453
3.58891,1.15575,0.51004,2.98914
3.58891,1.15575,0.51004,2.98914
3.58177,1.15578,0.51032,2.98376
3.58177,1.15578,0.51032,2.98376
3.57465,1.15581,0.51061,2.97840
3.57465,1.15581,0.51061,2.97840
3.56755,1.15585,0.51090,2.97306
3.56755,1.15585,0.51090,2.97306
3.56046,1.15589,0.51118,2.96774
3.56046,1.15589,0.51118,2.96774
3.55339,1.15594,0.51147,2.96244
3.55339,1.15594,0.51147,2.96244
3.54634,1.15599,0.51175,2.95715
3.54634,1.15599,0.51175,2.95715
3.53930,1.15605,0.51203,2.95189
3.53930,1.15605,0.51203,2.95189
3.53228,1.15611,0.51232,2.94664
3.53228,1.15611,0.51232,2.94664
3.52527,1.15618,0.51260,2.94141
3.52527,1.15618,0.51260,2.94141
3.51828,1.15625,0.51288,2.93619
3.51828,1.15625,0.51288,2.93619
3.51131,1.15632,0.51317,2.93100
3.51131,1.15632,0.51317,2.93100
3.50435,1.15639,0.51345,2.92582
3.50435,1.15639,0.51345,2.92582
3.49741,1.15647,0.51373,2.92065
3.49741,1.15647,0.51373,2.92065
3.49049,1.15655,0.51401,2.91550
3.49049,1.15655,0.51401,2.91550
3.48358,1.15664,0.51429,2.91037
3.48358,1.15664,0.51429,2.91037
3.47668,1.15673,0.51458,2.90526
3.47668,1.15673,0.51458,2.90526
3.46981,1.15682,0.51486,2.90017
3.46981,1.15682,0.51486,2.90017
3.46294,1.15692,0.51515,2.89509
3.46294,1.15692,0.51515,2.89509
3.45610,1.15701,0.51543,2.89002
3.45610,1.15701,0.51543,2.89002
3.44927,1.15711,0.51572,2.88499
3.44927,1.15711,0.51572,2.88499
3.44246,1.15721,0.51602,2.87997
3.44246,1.15721,0.51602,2.87997
3.43566,1.15732,0.51631,2.87496
3.43566,1.15732,0.51631,2.87496
3.42888,1.15743,0.51659,2.86996
3.42888,1.15743,0.51659,2.86996
3.42211,1.15754,0.51688,2.86497
3.42211,1.15754,0.51688,2.86497
3.41536,1.15765,0.51716,2.86000
3.41536,1.15765,0.51716,2.86000
3.40862,1.15776,0.51745,2.85504
3.40862,1.15776,0.51745,2.85504
3.40190,1.15788,0.51773,2.85009
3.40190,1.15788,0.51773,2.85009
3.39520,1.15799,0.51802,2.84515
3.39520,1.15799,0.51802,2.84515
3.38851,1.15811,0.51830,2.84023
3.38851,1.15811,0.51830,2.84023
3.38184,1.15823,0.51859,2.83532
3.38184,1.15823,0.51859,2.83532
3.37518,1.15835,0.51887,2.83043
3.37518,1.15835,0.51887,2.83043
3.36854,1.15848,0.51916,2.82555
3.36854,1.15848,0.51916,2.82555
3.36191,1.15860,0.51945,2.82068
3.36191,1.15860,0.51945,2.82068
3.35530,1.15873,0.51973,2.81583
3.35530,1.15873,0.51973,2.81583
3.34870,1.15886,0.52002,2.81099
3.34870,1.15886,0.52002,2.81099
3.34212,1.15898,0.52031,2.80616
3.34212,1.15898,0.52031,2.80616
3.33556,1.15911,0.52059,2.80134
3.33556,1.15911,0.52059,2.80134
3.32901,1.15924,0.52088,2.79654
3.32901,1.15924,0.52088,2.79654
3.32247,1.15938,0.52117,2.79174
3.32247,1.15938,0.52117,2.79174
3.31595,1.15951,0.52146,2.78697
3.31595,1.15951,0.52146,2.78697
3.30945,1.15964,0.52175,2.78220
3.30945,1.15964,0.52175,2.78220
3.30296,1.15978,0.52207,2.77749
3.30296,1.15978,0.52207,2.77749
3.29648,1.15991,0.52238,2.77278
3.29648,1.15991,0.52238,2.77278
3.29003,1.16005,0.52268,2.76807
3.29003,1.16005,0.52268,2.76807
3.28358,1.16018,0.52298,2.76336
3.28358,1.16018,0.52298,2.76336
3.27715,1.16032,0.52328,2.75866
3.27715,1.16032,0.52328,2.75866
3.27074,1.16046,0.52358,2.75397
3.27074,1.16046,0.52358,2.75397
3.26434,1.16059,0.52387,2.74929
3.26434,1.16059,0.52387,2.74929
3.25795,1.16073,0.52267,2.74218
3.25795,1.16073,0.52267,2.74218
3.25158,1.16087,0.52231,2.73645
3.25158,1.16087,0.52231,2.73645
3.24521,1.16101,0.52227,2.73126
3.24521,1.16101,0.52227,2.73126
3.23886,1.16115,0.52247,2.72645
3.23886,1.16115,0.52247,2.72645
3.23252,1.16129,0.52283,2.72193
3.23252,1.16129,0.52283,2.72193
3.22620,1.16142,0.52332,2.71762
3.22620,1.16142,0.52332,2.71762
3.21989,1.16156,0.52388,2.71343
3.21989,1.16156,0.52388,2.71343
3.21360,1.16170,0.52447,2.70930
3.21360,1.16170,0.52447,2.70930
3.20732,1.16185,0.52507,2.70519
3.20732,1.16185,0.52507,2.70519
3.20106,1.16199,0.52565,2.70108
3.20106,1.16199,0.52565,2.70108
3.19482,1.16213,0.52622,2.69694
3.19482,1.16213,0.52622,2.69694
3.18859,1.16227,0.52677,2.69279
3.18859,1.16227,0.52677,2.69279
3.18238,1.16241,0.52730,2.68860
3.18238,1.16241,0.52730,2.68860
3.17618,1.16255,0.52780,2.68438
3.17618,1.16255,0.52780,2.68438
3.17000,1.16269,0.52827,2.68013
3.17000,1.16269,0.52827,2.68013
3.16384,1.16283,0.52872,2.67585
3.16384,1.16283,0.52872,2.67585
3.15769,1.16297,0.52915,2.67155
3.15769,1.16297,0.52915,2.67155
3.15156,1.16311,0.52956,2.66723
3.15156,1.16311,0.52956,2.66723
3.14544,1.16325,0.52996,2.66289
3.14544,1.16325,0.52996,2.66289
3.13933,1.16339,0.53034,2.65853
3.13933,1.16339,0.53034,2.65853
3.13324,1.16352,0.53070,2.65417
3.13324,1.16352,0.53070,2.65417
3.12717,1.16366,0.53106,2.64979
3.12717,1.16366,0.53106,2.64979
3.12111,1.16380,0.53140,2.64541
3.12111,1.16380,0.53140,2.64541
3.11506,1.16394,0.53173,2.64102
3.11506,1.16394,0.53173,2.64102
3.10903,1.16407,0.53206,2.63662
3.10903,1.16407,0.53206,2.63662
3.10301,1.16421,0.53239,2.63224
3.10301,1.16421,0.53239,2.63224
3.09701,1.16435,0.53270,2.62783
3.09701,1.16435,0.53270,2.62783
3.09102,1.16448,0.53301,2.62344
3.09102,1.16448,0.53301,2.62344
3.08504,1.16462,0.53331,2.61904
3.08504,1.16462,0.53331,2.61904
3.07908,1.16475,0.53361,2.61465
3.07908,1.16475,0.53361,2.61465
3.07313,1.16488,0.53391,2.61026
3.07313,1.16488,0.53391,2.61026
3.06720,1.16501,0.53421,2.60588
3.06720,1.16501,0.53421,2.60588
3.06128,1.16515,0.53450,2.60150
3.06128,1.16515,0.53450,2.60150
3.05537,1.16528,0.53479,2.59713
3.05537,1.16528,0.53479,2.59713
3.04948,1.16541,0.53508,2.59275
3.04948,1.16541,0.53508,2.59275
3.04360,1.16554,0.53537,2.58839
3.04360,1.16554,0.53537,2.58839
3.03774,1.16566,0.53565,2.58403
3.03774,1.16566,0.53565,2.58403
3.03189,1.16579,0.53594,2.57968
3.03189,1.16579,0.53594,2.57968
3.02605,1.16592,0.53622,2.57533
3.02605,1.16592,0.53622,2.57533
3.02023,1.16604,0.53651,2.57100
3.02023,1.16604,0.53651,2.57100
3.01442,1.16617,0.53679,2.56666
3.01442,1.16617,0.53679,2.56666
3.00862,1.16629,0.53707,2.56234
3.00862,1.16629,0.53707,2.56234
3.00284,1.16641,0.53735,2.55802
3.00284,1.16641,0.53735,2.55802
2.99707,1.16654,0.53764,2.55371
2.99707,1.16654,0.53764,2.55371
2.99131,1.16666,0.53792,2.54941
2.99131,1.16666,0.53792,2.54941
2.98557,1.16678,0.53820,2.54512
2.98557,1.16678,0.53820,2.54512
2.97984,1.16690,0.53848,2.54083
2.97984,1.16690,0.53848,2.54083
2.97412,1.16701,0.53877,2.53656
2.97412,1.16701,0.53877,2.53656
2.96842,1.16713,0.53905,2.53229
2.96842,1.16713,0.53905,2.53229
2.96273,1.16725,0.53934,2.52803
2.96273,1.16725,0.53934,2.52803
2.95706,1.16736,0.53962,2.52378
2.95706,1.16736,0.53962,2.52378
2.95139,1.16748,0.53991,2.51953
2.95139,1.16748,0.53991,2.51953
2.94574,1.16759,0.54019,2.51529
2.94574,1.16759,0.54019,2.51529
2.94011,1.16770,0.54048,2.51106
2.94011,1.16770,0.54048,2.51106
2.93448,1.16781,0.54076,2.50684
2.93448,1.16781,0.54076,2.50684
2.92887,1.16792,0.54105,2.50263
2.92887,1.16792,0.54105,2.50263
2.92328,1.16803,0.54133,2.49842
2.92328,1.16803,0.54133,2.49842
2.91769,1.16813,0.54162,2.49423
2.91769,1.16813,0.54162,2.49423
2.91212,1.16824,0.54191,2.49004
2.91212,1.16824,0.54191,2.49004
2.90656,1.16835,0.54221,2.48587
2.90656,1.16835,0.54221,2.48587
2.90102,1.16845,0.54249,2.48169
2.90102,1.16845,0.54249,2.48169
2.89549,1.16855,0.54279,2.47753
2.89549,1.16855,0.54279,2.47753
2.88997,1.16865,0.54307,2.47337
2.88997,1.16865,0.54307,2.47337
2.88446,1.16875,0.54336,2.46922
2.88446,1.16875,0.54336,2.46922
2.87897,1.16885,0.54365,2.46508
2.87897,1.16885,0.54365,2.46508
2.87349,1.16895,0.54394,2.46095
2.87349,1.16895,0.54394,2.46095
2.86802,1.16905,0.54424,2.45682
2.86802,1.16905,0.54424,2.45682
2.86256,1.16914,0.54453,2.45271
2.86256,1.16914,0.54453,2.45271
2.85712,1.16924,0.54482,2.44859
2.85712,1.16924,0.54482,2.44859
2.85169,1.16933,0.54511,2.44449
2.85169,1.16933,0.54511,2.44449
2.84628,1.16942,0.54540,2.44038
2.84628,1.16942,0.54540,2.44038
2.84087,1.16951,0.54606,2.43682
2.84087,1.16951,0.54606,2.43682
2.83548,1.16960,0.54666,2.43318
2.83548,1.16960,0.54666,2.43318
2.83011,1.16969,0.54695,2.42909
2.83011,1.16969,0.54695,2.42909
2.82475,1.16978,0.54713,2.42488
2.82475,1.16978,0.54713,2.42488
2.81940,1.16987,0.54730,2.42064
2.81940,1.16987,0.54730,2.42064
2.81406,1.16995,0.54750,2.41646
2.81406,1.16995,0.54750,2.41646
2.80873,1.17003,0.54772,2.41231
2.80873,1.17003,0.54772,2.41231
2.80342,1.17012,0.54797,2.40821
2.80342,1.17012,0.54797,2.40821
2.79812,1.17020,0.54824,2.40415
2.79812,1.17020,0.54824,2.40415
2.79283,1.17028,0.54852,2.40011
2.79283,1.17028,0.54852,2.40011
2.78755,1.17036,0.54881,2.39609
2.78755,1.17036,0.54881,2.39609
2.78229,1.17043,0.54911,2.39208
2.78229,1.17043,0.54911,2.39208
2.77703,1.17051,0.54940,2.38808
2.77703,1.17051,0.54940,2.38808
2.77179,1.17058,0.54970,2.38409
2.77179,1.17058,0.54970,2.38409
2.76657,1.17066,0.55000,2.38011
2.76657,1.17066,0.55000,2.38011
2.76135,1.17073,0.55029,2.37613
2.76135,1.17073,0.55029,2.37613
2.75615,1.17080,0.55059,2.37215
2.75615,1.17080,0.55059,2.37215
2.75096,1.17087,0.55088,2.36818
2.75096,1.17087,0.55088,2.36818
2.74578,1.17094,0.55117,2.36422
2.74578,1.17094,0.55117,2.36422
2.74061,1.17101,0.55145,2.36025
2.74061,1.17101,0.55145,2.36025
2.73546,1.17108,0.55174,2.35630
2.73546,1.17108,0.55174,2.35630
2.73031,1.17114,0.55202,2.35234
2.73031,1.17114,0.55202,2.35234
2.72518,1.17120,0.55231,2.34840
2.72518,1.17120,0.55231,2.34840
2.72006,1.17127,0.55259,2.34446
2.72006,1.17127,0.55259,2.34446
2.71496,1.17133,0.55287,2.34052
2.71496,1.17133,0.55287,2.34052
2.70986,1.17139,0.55315,2.33659
2.70986,1.17139,0.55315,2.33659
2.70478,1.17145,0.55345,2.33269
2.70478,1.17145,0.55345,2.33269
2.69971,1.17151,0.55374,2.32878
2.69971,1.17151,0.55374,2.32878
2.69465,1.17156,0.55402,2.32488
2.69465,1.17156,0.55402,2.32488
2.68961,1.17162,0.55430,2.32098
2.68961,1.17162,0.55430,2.32098
2.68457,1.17167,0.55458,2.31708
2.68457,1.17167,0.55458,2.31708
2.67955,1.17173,0.55487,2.31320
2.67955,1.17173,0.55487,2.31320
2.67454,1.17178,0.55514,2.30931
2.67454,1.17178,0.55514,2.30931
2.66954,1.17183,0.55542,2.30543
2.66954,1.17183,0.55542,2.30543
2.66455,1.17188,0.55571,2.30157
2.66455,1.17188,0.55571,2.30157
2.65957,1.17193,0.55598,2.29770
2.65957,1.17193,0.55598,2.29770
2.65461,1.17197,0.55627,2.29385
2.65461,1.17197,0.55627,2.29385
2.64966,1.17202,0.55655,2.29001
2.64966,1.17202,0.55655,2.29001
2.64471,1.17206,0.55683,2.28617
2.64471,1.17206,0.55683,2.28617
2.63978,1.17211,0.55711,2.28234
2.63978,1.17211,0.55711,2.28234
2.63487,1.17215,0.55740,2.27853
2.63487,1.17215,0.55740,2.27853
2.62996,1.17219,0.55769,2.27472
2.62996,1.17219,0.55769,2.27472
2.62506,1.17223,0.55799,2.27092
2.62506,1.17223,0.55799,2.27092
2.62018,1.17227,0.55829,2.26714
2.62018,1.17227,0.55829,2.26714
2.61531,1.17231,0.55859,2.26336
2.61531,1.17231,0.55859,2.26336
2.61045,1.17235,0.55889,2.25960
2.61045,1.17235,0.55889,2.25960
2.60560,1.17238,0.55919,2.25584
2.60560,1.17238,0.55919,2.25584
2.60076,1.17242,0.55948,2.25207
2.60076,1.17242,0.55948,2.25207
2.59594,1.17245,0.55977,2.24832
2.59594,1.17245,0.55977,2.24832
2.59112,1.17248,0.56007,2.24457
2.59112,1.17248,0.56007,2.24457
2.58632,1.17251,0.56035,2.24083
2.58632,1.17251,0.56035,2.24083
2.58153,1.17254,0.56065,2.23709
2.58153,1.17254,0.56065,2.23709
2.57675,1.17257,0.56094,2.23336
2.57675,1.17257,0.56094,2.23336
2.57198,1.17260,0.56123,2.22964
2.57198,1.17260,0.56123,2.22964
2.56722,1.17263,0.56153,2.22593
2.56722,1.17263,0.56153,2.22593
2.56247,1.17265,0.56183,2.22223
2.56247,1.17265,0.56183,2.22223
2.55774,1.17268,0.56213,2.21854
2.55774,1.17268,0.56213,2.21854
2.55301,1.17270,0.56243,2.21486
2.55301,1.17270,0.56243,2.21486
2.54830,1.17272,0.56274,2.21119
2.54830,1.17272,0.56274,2.21119
2.54360,1.17275,0.56304,2.20753
2.54360,1.17275,0.56304,2.20753
2.53891,1.17277,0.56335,2.20387
2.53891,1.17277,0.56335,2.20387
2.53423,1.17278,0.56366,2.20023
2.53423,1.17278,0.56366,2.20023
2.52956,1.17280,0.56397,2.19658
2.52956,1.17280,0.56397,2.19658
2.52490,1.17282,0.56427,2.19294
2.52490,1.17282,0.56427,2.19294
2.52026,1.17284,0.56457,2.18931
2.52026,1.17284,0.56457,2.18931
2.51562,1.17285,0.56487,2.18568
2.51562,1.17285,0.56487,2.18568
2.51100,1.17287,0.56517,2.18205
2.51100,1.17287,0.56517,2.18205
2.50638,1.17288,0.56547,2.17843
2.50638,1.17288,0.56547,2.17843
2.50178,1.17289,0.56576,2.17482
2.50178,1.17289,0.56576,2.17482
2.49719,1.17290,0.56606,2.17121
2.49719,1.17290,0.56606,2.17121
2.49261,1.17291,0.56637,2.16763
2.49261,1.17291,0.56637,2.16763
2.48804,1.17292,0.56667,2.16404
2.48804,1.17292,0.56667,2.16404
2.48348,1.17293,0.56698,2.16047
2.48348,1.17293,0.56698,2.16047
2.47893,1.17293,0.56730,2.15691
2.47893,1.17293,0.56730,2.15691
2.47440,1.17294,0.56760,2.15335
2.47440,1.17294,0.56760,2.15335
2.46987,1.17295,0.56791,2.14980
2.46987,1.17295,0.56791,2.14980
2.46536,1.17295,0.56823,2.14626
2.46536,1.17295,0.56823,2.14626
2.46085,1.17295,0.56836,2.14250
2.46085,1.17295,0.56836,2.14250
2.45636,1.17295,0.56844,2.13870
2.45636,1.17295,0.56844,2.13870
2.45187,1.17296,0.56854,2.13491
2.45187,1.17296,0.56854,2.13491
2.44740,1.17295,0.56869,2.13119
2.44740,1.17295,0.56869,2.13119
2.44293,1.17295,0.56887,2.12753
2.44293,1.17295,0.56887,2.12753
2.43847,1.17295,0.56910,2.12392
2.43847,1.17295,0.56910,2.12392
2.43403,1.17295,0.56935,2.12035
2.43403,1.17295,0.56935,2.12035
2.42959,1.17295,0.56961,2.11681
2.42959,1.17295,0.56961,2.11681
2.42517,1.17294,0.56989,2.11328
2.42517,1.17294,0.56989,2.11328
2.42075,1.17294,0.57018,2.10978
2.42075,1.17294,0.57018,2.10978
2.41635,1.17293,0.57047,2.10628
2.41635,1.17293,0.57047,2.10628
2.41196,1.17292,0.57077,2.10280
2.41196,1.17292,0.57077,2.10280
2.40757,1.17291,0.57106,2.09932
2.40757,1.17291,0.57106,2.09932
2.40320,1.17290,0.57136,2.09586
2.40320,1.17290,0.57136,2.09586
2.39884,1.17290,0.57165,2.09239
2.39884,1.17290,0.57165,2.09239
2.39606,1.17288,0.94677,2.53935
2.39606,1.17288,0.94677,2.53935
2.39379,1.17285,0.95571,2.54761
2.39379,1.17285,0.95571,2.54761
2.39156,1.17281,0.96254,2.55335
2.39156,1.17281,0.96254,2.55335
2.38936,1.17275,0.96742,2.55676
2.38936,1.17275,0.96742,2.55676
2.38720,1.17268,0.97555,2.56406
2.38720,1.17268,0.97555,2.56406
2.38507,1.17259,0.97954,2.56643
2.38507,1.17259,0.97954,2.56643
2.38297,1.17249,0.98479,2.57030
2.38297,1.17249,0.98479,2.57030
2.38090,1.17237,0.99025,2.57443
2.38090,1.17237,0.99025,2.57443
2.37886,1.17224,0.99653,2.57954
2.37886,1.17224,0.99653,2.57954
2.37686,1.17209,1.00448,2.58664
2.37686,1.17209,1.00448,2.58664
2.37489,1.17193,1.00840,2.58896
2.37489,1.17193,1.00840,2.58896
2.37295,1.17176,1.01427,2.59361
2.37295,1.17176,1.01427,2.59361
2.37105,1.17157,1.02197,2.60044
2.37105,1.17157,1.02197,2.60044
2.36918,1.17140,1.02861,2.60604
2.36918,1.17140,1.02861,2.60604
2.36736,1.17122,1.03304,2.60907
2.36736,1.17122,1.03304,2.60907
2.36555,1.17105,1.03834,2.61315
2.36555,1.17105,1.03834,2.61315
2.36378,1.17088,1.04728,2.62155
2.36378,1.17088,1.04728,2.62155
2.36205,1.17074,1.05495,2.62853
2.36205,1.17074,1.05495,2.62853
2.36037,1.17063,1.06020,2.63272
2.36037,1.17063,1.06020,2.63272
2.35872,1.17053,1.06621,2.63785
2.35872,1.17053,1.06621,2.63785
2.35709,1.17045,1.07247,2.64332
2.35709,1.17045,1.07247,2.64332
2.35551,1.17038,1.07878,2.64889
2.35551,1.17038,1.07878,2.64889
2.35395,1.17034,1.08494,2.65435
2.35395,1.17034,1.08494,2.65435
2.35243,1.17032,1.09057,2.65923
2.35243,1.17032,1.09057,2.65923
2.35094,1.17032,1.09643,2.66442
2.35094,1.17032,1.09643,2.66442
2.34948,1.17033,1.10268,2.67013
2.34948,1.17033,1.10268,2.67013
2.34806,1.17037,1.10871,2.67563
2.34806,1.17037,1.10871,2.67563
2.34667,1.17043,1.11444,2.68085
2.34667,1.17043,1.11444,2.68085
2.34530,1.17052,1.11989,2.68579
2.34530,1.17052,1.11989,2.68579
2.34397,1.17063,1.12307,2.68812
2.34397,1.17063,1.12307,2.68812
2.34266,1.17072,1.12753,2.69193
2.34266,1.17072,1.12753,2.69193
2.34137,1.17081,1.13240,2.69626
2.34137,1.17081,1.13240,2.69626
2.34011,1.17091,1.13729,2.70066
2.34011,1.17091,1.13729,2.70066
2.33887,1.17104,1.14213,2.70503
2.33887,1.17104,1.14213,2.70503
2.33766,1.17118,1.14673,2.70917
2.33766,1.17118,1.14673,2.70917
2.33647,1.17134,1.15098,2.71296
2.33647,1.17134,1.15098,2.71296
2.33531,1.17152,1.15496,2.71646
2.33531,1.17152,1.15496,2.71646
2.33417,1.17171,1.15864,2.71965
2.33417,1.17171,1.15864,2.71965
2.33305,1.17190,1.15997,2.72012
2.33305,1.17190,1.15997,2.72012
2.33194,1.17206,1.16271,2.72220
2.33194,1.17206,1.16271,2.72220
2.33085,1.17220,1.16668,2.72571
2.33085,1.17220,1.16668,2.72571
2.32977,1.17236,1.17039,2.72896
2.32977,1.17236,1.17039,2.72896
2.32872,1.17253,1.17380,2.73190
2.32872,1.17253,1.17380,2.73190
2.32768,1.17270,1.17696,2.73456
2.32768,1.17270,1.17696,2.73456
2.32666,1.17289,1.17983,2.73692
2.32666,1.17289,1.17983,2.73692
2.32566,1.17308,1.18246,2.73903
2.32566,1.17308,1.18246,2.73903
2.32468,1.17327,1.18489,2.74090
2.32468,1.17327,1.18489,2.74090
2.32370,1.17346,1.18710,2.74255
2.32370,1.17346,1.18710,2.74255
2.32274,1.17365,1.18918,2.74405
2.32274,1.17365,1.18918,2.74405
2.32180,1.17384,1.19102,2.74528
2.32180,1.17384,1.19102,2.74528
2.32086,1.17402,1.19267,2.74630
2.32086,1.17402,1.19267,2.74630
2.31993,1.17420,1.19416,2.74714
2.31993,1.17420,1.19416,2.74714
2.31901,1.17437,1.19699,2.74953
2.31901,1.17437,1.19699,2.74953
2.31811,1.17456,1.19688,2.74856
2.31811,1.17456,1.19688,2.74856
2.31721,1.17470,1.19801,2.74895
2.31721,1.17470,1.19801,2.74895
2.31631,1.17481,1.19955,2.74982
2.31631,1.17481,1.19955,2.74982
2.31543,1.17492,1.20117,2.75076
2.31543,1.17492,1.20117,2.75076
2.31455,1.17501,1.20272,2.75162
2.31455,1.17501,1.20272,2.75162
2.31369,1.17510,1.20416,2.75236
2.31369,1.17510,1.20416,2.75236
2.31283,1.17518,1.20546,2.75294
2.31283,1.17518,1.20546,2.75294
2.31198,1.17526,1.20662,2.75336
2.31198,1.17526,1.20662,2.75336
2.31114,1.17533,1.20765,2.75362
2.31114,1.17533,1.20765,2.75362
2.31030,1.17539,1.20854,2.75372
2.31030,1.17539,1.20854,2.75372
2.30947,1.17544,1.20934,2.75372
2.30947,1.17544,1.20934,2.75372
2.30865,1.17548,1.21005,2.75360
2.30865,1.17548,1.21005,2.75360
2.30783,1.17551,1.21065,2.75335
2.30783,1.17551,1.21065,2.75335
2.30702,1.17553,1.21115,2.75298
2.30702,1.17553,1.21115,2.75298
2.30621,1.17554,1.21157,2.75251
2.30621,1.17554,1.21157,2.75251
2.30540,1.17553,1.21190,2.75192
2.30540,1.17553,1.21190,2.75192
2.30460,1.17551,1.21215,2.75123
2.30460,1.17551,1.21215,2.75123
2.30380,1.17548,1.21367,2.75199
2.30380,1.17548,1.21367,2.75199
2.30301,1.17546,1.21453,2.75201
2.30301,1.17546,1.21453,2.75201
2.30222,1.17544,1.21502,2.75161
2.30222,1.17544,1.21502,2.75161
2.30144,1.17541,1.21532,2.75099
2.30144,1.17541,1.21532,2.75099
2.30066,1.17537,1.21551,2.75023
2.30066,1.17537,1.21551,2.75023
2.29989,1.17531,1.21563,2.74937
2.29989,1.17531,1.21563,2.74937
2.29911,1.17524,1.21569,2.74843
2.29911,1.17524,1.21569,2.74843
2.29834,1.17515,1.21569,2.74741
2.29834,1.17515,1.21569,2.74741
2.29757,1.17506,1.21565,2.74633
2.29757,1.17506,1.21565,2.74633
2.29680,1.17494,1.21559,2.74521
2.29680,1.17494,1.21559,2.74521
2.29603,1.17482,1.21550,2.74404
2.29603,1.17482,1.21550,2.74404
2.29526,1.17467,1.21537,2.74281
2.29526,1.17467,1.21537,2.74281
2.29450,1.17452,1.21520,2.74153
2.29450,1.17452,1.21520,2.74153
2.29373,1.17435,1.21503,2.74022
2.29373,1.17435,1.21503,2.74022
2.29297,1.17417,1.21483,2.73887
2.29297,1.17417,1.21483,2.73887
2.29220,1.17398,1.21581,2.73886
2.29220,1.17398,1.21581,2.73886
2.29145,1.17379,1.21616,2.73815
2.29145,1.17379,1.21616,2.73815
2.29069,1.17360,1.21624,2.73711
2.29069,1.17360,1.21624,2.73711
2.28994,1.17340,1.21618,2.73593
2.28994,1.17340,1.21618,2.73593
2.28919,1.17319,1.21607,2.73465
