f(Cortisol),g(Epinephrine),h(CRH),Arousal
1.15880,1.00926,1.78796,1.62071
1.15947,1.00933,1.79465,1.62557
1.15947,1.00933,1.79465,1.62557
1.16015,1.00941,1.80307,1.63145
1.16015,1.00941,1.80307,1.63145
1.28570,1.01839,2.09593,2.00204
1.28570,1.01839,2.09593,2.00204
1.28664,1.01840,2.18803,2.06276
1.28664,1.01840,2.18803,2.06276
1.28764,1.01841,2.20376,2.07449
1.28764,1.01841,2.20376,2.07449
1.28865,1.01842,2.19634,2.07134
1.28865,1.01842,2.19634,2.07134
1.44498,1.01770,2.00564,2.18433
1.44498,1.01770,2.00564,2.18433
1.44576,1.01769,2.09943,2.25330
1.44576,1.01769,2.09943,2.25330
1.44660,1.01768,2.11953,2.26914
1.44660,1.01768,2.11953,2.26914
1.57908,1.01601,2.09683,2.45771
1.57908,1.01601,2.09683,2.45771
1.57946,1.01601,2.11209,2.47034
1.57946,1.01601,2.11209,2.47034
1.58061,1.01600,2.10526,2.46674
1.58061,1.01600,2.10526,2.46674
1.58137,1.01599,2.08508,2.45195
1.58137,1.01599,2.08508,2.45195
1.68426,1.01516,1.95727,2.50315
1.68426,1.01516,1.95727,2.50315
1.68483,1.01516,2.03226,2.56717
1.68483,1.01516,2.03226,2.56717
1.68545,1.01516,2.04041,2.57499
1.68545,1.01516,2.04041,2.57499
1.68607,1.01515,2.02946,2.56670
1.68607,1.01515,2.02946,2.56670
1.76788,1.01477,1.79627,2.48477
1.76788,1.01477,1.79627,2.48477
1.76841,1.01477,1.97180,2.64070
1.76841,1.01477,1.97180,2.64070
1.76891,1.01476,1.99637,2.66318
1.76891,1.01476,1.99637,2.66318
1.76943,1.01476,1.99076,2.65899
1.76943,1.01476,1.99076,2.65899
1.76943,1.01476,1.99076,2.65899
1.76943,1.01476,1.99076,2.65899
1.83646,1.01390,1.78307,2.56822
1.83646,1.01390,1.78307,2.56822
1.83677,1.01389,1.97088,2.74113
1.83677,1.01389,1.97088,2.74113
1.83677,1.01389,1.97088,2.74113
1.83677,1.01389,1.97088,2.74113
1.83699,1.01389,1.98743,2.75666
1.83699,1.01389,1.98743,2.75666
1.83767,1.01388,1.98433,2.75482
1.83767,1.01388,1.98433,2.75482
1.83812,1.01387,1.96749,2.74000
1.83812,1.01387,1.96749,2.74000
1.89009,1.01254,1.88728,2.74041
1.89009,1.01254,1.88728,2.74041
1.89042,1.01254,1.95506,2.80495
1.89042,1.01254,1.95506,2.80495
1.89042,1.01254,1.95506,2.80495
1.89042,1.01254,1.95506,2.80495
1.89042,1.01254,1.95506,2.80495
1.89042,1.01254,1.95506,2.80495
1.89099,1.01252,1.95092,2.80186
1.89099,1.01252,1.95092,2.80186
1.93283,1.01117,1.78375,2.70098
1.93283,1.01117,1.78375,2.70098
1.93313,1.01116,1.94170,2.85405
1.93313,1.01116,1.94170,2.85405
1.93346,1.01115,1.95434,2.86674
1.93346,1.01115,1.95434,2.86674
1.96782,1.00954,1.76882,2.73356
1.96782,1.00954,1.76882,2.73356
1.96799,1.00953,1.92588,2.88834
1.96799,1.00953,1.92588,2.88834
1.96827,1.00952,1.93555,2.89825
1.96827,1.00952,1.93555,2.89825
1.96827,1.00952,1.93555,2.89825
1.96827,1.00952,1.93555,2.89825
1.96827,1.00952,1.93555,2.89825
1.96827,1.00952,1.93555,2.89825
1.96827,1.00952,1.93555,2.89825
1.96827,1.00952,1.93555,2.89825
1.96868,1.00950,1.91019,2.87388
1.96868,1.00950,1.91019,2.87388
1.99385,1.00792,1.75948,2.75878
1.99385,1.00792,1.75948,2.75878
1.99393,1.00791,1.86663,2.86570
1.99393,1.00791,1.86663,2.86570
1.99393,1.00791,1.86663,2.86570
1.99393,1.00791,1.86663,2.86570
1.99393,1.00791,1.86663,2.86570
1.99393,1.00791,1.86663,2.86570
1.99393,1.00791,1.86663,2.86570
1.99393,1.00791,1.86663,2.86570
1.99426,1.00789,1.92461,2.92398
1.99426,1.00789,1.92461,2.92398
1.99450,1.00788,1.91067,2.91042
1.99450,1.00788,1.91067,2.91042
2.01472,1.00638,1.94622,2.97419
2.01472,1.00638,1.94622,2.97419
2.01496,1.00637,1.95124,2.97960
2.01496,1.00637,1.95124,2.97960
2.03178,1.00467,1.74839,2.79664
2.03178,1.00467,1.74839,2.79664
2.03187,1.00466,1.91143,2.96239
2.03187,1.00466,1.91143,2.96239
2.03206,1.00465,1.92341,2.97484
2.03206,1.00465,1.92341,2.97484
2.03226,1.00464,1.90942,2.96090
2.03226,1.00464,1.90942,2.96090
2.04472,1.00306,1.85436,2.92113
2.04472,1.00306,1.85436,2.92113
2.04472,1.00306,1.85436,2.92113
2.04472,1.00306,1.85436,2.92113
2.04495,1.00305,1.90480,2.97302
2.04495,1.00305,1.90480,2.97302
2.04512,1.00304,1.88921,2.95730
2.04512,1.00304,1.88921,2.95730
2.04512,1.00304,1.88921,2.95730
2.04512,1.00304,1.88921,2.95730
2.04533,1.00302,1.85774,2.92542
2.04533,1.00302,1.85774,2.92542
2.05236,1.00170,1.85467,2.93094
2.05236,1.00170,1.85467,2.93094
2.05250,1.00169,1.90250,2.98020
2.05250,1.00169,1.90250,2.98020
2.05677,1.00063,1.70202,2.77914
2.05677,1.00063,1.70202,2.77914
2.05679,1.00062,1.85713,2.93866
2.05679,1.00062,1.85713,2.93866
2.06001,0.99967,1.83322,2.91762
2.06001,0.99967,1.83322,2.91762
2.06011,0.99966,1.88127,2.96724
2.06011,0.99966,1.88127,2.96724
2.06015,0.99881,1.71351,2.79361
2.06015,0.99881,1.71351,2.79361
2.06015,0.99881,1.71351,2.79361
2.06015,0.99881,1.71351,2.79361
2.06014,0.99881,1.82564,2.90908
2.06014,0.99881,1.82564,2.90908
2.06028,0.99880,1.87092,2.95591
2.06028,0.99880,1.87092,2.95591
2.06038,0.99880,1.85166,2.93622
2.06038,0.99880,1.85166,2.93622
2.06043,0.99880,1.84022,2.92449
2.06043,0.99880,1.84022,2.92449
2.05861,0.99816,1.80182,2.88171
2.05861,0.99816,1.80182,2.88171
2.05867,0.99816,1.85071,2.93211
2.05867,0.99816,1.85071,2.93211
2.05876,0.99815,1.84383,2.92514
2.05876,0.99815,1.84383,2.92514
2.05876,0.99815,1.84383,2.92514
2.05876,0.99815,1.84383,2.92514
2.05372,0.99774,1.67784,2.74708
2.05372,0.99774,1.67784,2.74708
2.05368,0.99773,1.78608,2.85818
2.05368,0.99773,1.78608,2.85818
2.05368,0.99773,1.78608,2.85818
2.05368,0.99773,1.78608,2.85818
2.05368,0.99773,1.78608,2.85818
2.05368,0.99773,1.78608,2.85818
2.05370,0.99773,1.82731,2.90052
2.05370,0.99773,1.82731,2.90052
2.05381,0.99773,1.83100,2.90446
2.05381,0.99773,1.83100,2.90446
2.05381,0.99773,1.83100,2.90446
2.05381,0.99773,1.83100,2.90446
2.04807,0.99736,1.66490,2.72585
2.04807,0.99736,1.66490,2.72585
2.04803,0.99735,1.76739,2.83074
2.04803,0.99735,1.76739,2.83074
2.04803,0.99735,1.76739,2.83074
2.04803,0.99735,1.76739,2.83074
2.04804,0.99735,1.81521,2.87972
2.04804,0.99735,1.81521,2.87972
2.04814,0.99735,1.82418,2.88904
2.04814,0.99735,1.82418,2.88904
2.04817,0.99735,1.81547,2.88015
2.04817,0.99735,1.81547,2.88015
2.04108,0.99693,1.76758,2.82085
2.04108,0.99693,1.76758,2.82085
2.04111,0.99693,1.81955,2.87393
2.04111,0.99693,1.81955,2.87393
2.04117,0.99692,1.80181,2.85592
2.04117,0.99692,1.80181,2.85592
2.03258,0.99644,1.55578,2.59336
2.03258,0.99644,1.55578,2.59336
2.03243,0.99644,1.68290,2.72232
2.03243,0.99644,1.68290,2.72232
2.03239,0.99643,1.69568,2.73525
2.03239,0.99643,1.69568,2.73525
2.01893,0.99654,1.75210,2.77414
2.01893,0.99654,1.75210,2.77414
2.01894,0.99654,1.79607,2.81853
2.01894,0.99654,1.79607,2.81853
2.01903,0.99654,1.80232,2.82497
2.01903,0.99654,1.80232,2.82497
2.01145,0.99584,1.63563,2.64602
2.01145,0.99584,1.63563,2.64602
2.01145,0.99584,1.63563,2.64602
2.01145,0.99584,1.63563,2.64602
2.01142,0.99584,1.73833,2.74924
2.01142,0.99584,1.73833,2.74924
2.01147,0.99583,1.78283,2.79405
2.01147,0.99583,1.78283,2.79405
2.01152,0.99582,1.76618,2.77736
2.01152,0.99582,1.76618,2.77736
2.01155,0.99582,1.74568,2.75678
2.01155,0.99582,1.74568,2.75678
2.00177,0.99491,1.64569,2.64237
2.00177,0.99491,1.64569,2.64237
2.00176,0.99491,1.78617,2.78293
2.00176,0.99491,1.78617,2.78293
1.99229,0.99407,1.61756,2.60097
1.99229,0.99407,1.61756,2.60097
1.99226,0.99407,1.76652,2.74928
1.99226,0.99407,1.76652,2.74928
1.99228,0.99407,1.77435,2.75710
1.99228,0.99407,1.77435,2.75710
1.99236,0.99406,1.75498,2.73790
1.99236,0.99406,1.75498,2.73790
1.99239,0.99406,1.73365,2.71670
1.99239,0.99406,1.73365,2.71670
1.98291,0.99334,1.73220,2.70157
1.98291,0.99334,1.73220,2.70157
1.98292,0.99333,1.77023,2.73928
1.98292,0.99333,1.77023,2.73928
1.98300,0.99332,1.76887,2.73805
1.98300,0.99332,1.76887,2.73805
1.97481,0.99229,1.69967,2.65734
1.97481,0.99229,1.69967,2.65734
1.97483,0.99228,1.74473,2.70184
1.97483,0.99228,1.74473,2.70184
1.97487,0.99227,1.73745,2.69470
1.97487,0.99227,1.73745,2.69470
1.96537,0.99130,1.68109,2.62538
1.96537,0.99130,1.68109,2.62538
1.96539,0.99130,1.72660,2.67010
1.96539,0.99130,1.72660,2.67010
1.96542,0.99129,1.71947,2.66314
1.96542,0.99129,1.71947,2.66314
1.95673,0.99023,1.67451,2.60630
1.95673,0.99023,1.67451,2.60630
1.95675,0.99022,1.71973,2.65055
1.95675,0.99022,1.71973,2.65055
1.95678,0.99022,1.71305,2.64404
1.95678,0.99022,1.71305,2.64404
1.95681,0.99021,1.69446,2.62589
1.95681,0.99021,1.69446,2.62589
1.94777,0.98896,1.59204,2.51278
1.94777,0.98896,1.59204,2.51278
1.94775,0.98895,1.72453,2.64174
1.94775,0.98895,1.72453,2.64174
1.94780,0.98894,1.73348,2.65051
1.94780,0.98894,1.73348,2.65051
1.94780,0.98894,1.73348,2.65051
1.94780,0.98894,1.73348,2.65051
1.94780,0.98894,1.73348,2.65051
1.94780,0.98894,1.73348,2.65051
1.94780,0.98894,1.73348,2.65051
1.94780,0.98894,1.73348,2.65051
1.94782,0.98893,1.72742,2.64463
1.94782,0.98893,1.72742,2.64463
1.94788,0.98892,1.69835,2.61640
1.94788,0.98892,1.69835,2.61640
1.93972,0.98733,1.57125,2.48062
1.93972,0.98733,1.57125,2.48062
1.93969,0.98732,1.67083,2.57711
1.93969,0.98732,1.67083,2.57711
1.93974,0.98731,1.71752,2.62243
1.93974,0.98731,1.71752,2.62243
1.93974,0.98731,1.71752,2.62243
1.93974,0.98731,1.71752,2.62243
1.93185,0.98551,1.56814,2.46574
1.93185,0.98551,1.56814,2.46574
1.93183,0.98550,1.70310,2.59602
1.93183,0.98550,1.70310,2.59602
1.93187,0.98549,1.71349,2.60610
1.93187,0.98549,1.71349,2.60610
1.92536,0.98350,1.67590,2.55916
1.92536,0.98350,1.67590,2.55916
1.92540,0.98348,1.71812,2.59982
1.92540,0.98348,1.71812,2.59982
1.91968,0.98123,1.65485,2.52918
1.91968,0.98123,1.65485,2.52918
1.91971,0.98121,1.70140,2.57387
1.91971,0.98121,1.70140,2.57387
1.91408,0.97897,1.57601,2.44418
1.91408,0.97897,1.57601,2.44418
1.91408,0.97896,1.70151,2.56422
1.91408,0.97896,1.70151,2.56422
1.91408,0.97896,1.70151,2.56422
1.91408,0.97896,1.70151,2.56422
1.91417,0.97894,1.70230,2.56507
1.91417,0.97894,1.70230,2.56507
1.91423,0.97892,1.68253,2.54622
1.91423,0.97892,1.68253,2.54622
1.91423,0.97892,1.68253,2.54622
1.91423,0.97892,1.68253,2.54622
1.90887,0.97671,1.64719,2.50320
1.90887,0.97671,1.64719,2.50320
1.90891,0.97670,1.69287,2.54682
1.90891,0.97670,1.69287,2.54682
1.90495,0.97429,1.57247,2.42456
1.90495,0.97429,1.57247,2.42456
1.90494,0.97428,1.66562,2.51323
1.90494,0.97428,1.66562,2.51323
1.90502,0.97426,1.70483,2.55065
1.90502,0.97426,1.70483,2.55065
1.90502,0.97426,1.70483,2.55065
1.90502,0.97426,1.70483,2.55065
1.90512,0.97424,1.67741,2.52464
1.90512,0.97424,1.67741,2.52464
1.89994,0.97195,1.33322,2.18874
1.89994,0.97195,1.33322,2.18874
1.89927,0.97189,1.55175,2.39534
1.89927,0.97189,1.55175,2.39534
1.89926,0.97188,1.57721,2.41948
1.89926,0.97188,1.57721,2.41948
1.89925,0.97186,1.59513,2.43646
1.89925,0.97186,1.59513,2.43646
1.89321,0.97004,1.56924,2.40243
1.89321,0.97004,1.56924,2.40243
1.89323,0.97002,1.68989,2.51659
1.89323,0.97002,1.68989,2.51659
1.89149,0.96775,1.55864,2.38799
1.89149,0.96775,1.55864,2.38799
1.89150,0.96773,1.67983,2.50256
1.89150,0.96773,1.67983,2.50256
1.89023,0.96547,1.52047,2.34814
1.89023,0.96547,1.52047,2.34814
1.89020,0.96545,1.54951,2.37552
1.89020,0.96545,1.54951,2.37552
1.89019,0.96545,1.55197,2.37782
1.89019,0.96545,1.55197,2.37782
1.88544,0.96405,1.55248,2.37095
1.88544,0.96405,1.55248,2.37095
1.88546,0.96404,1.67725,2.48852
1.88546,0.96404,1.67725,2.48852
1.88623,0.96235,1.56830,2.38518
1.88623,0.96235,1.56830,2.38518
1.88623,0.96235,1.56830,2.38518
1.88623,0.96235,1.56830,2.38518
1.88631,0.96233,1.69501,2.50469
1.88631,0.96233,1.69501,2.50469
1.88595,0.96101,1.55965,2.37535
1.88595,0.96101,1.55965,2.37535
1.88599,0.96100,1.68391,2.49249
1.88599,0.96100,1.68391,2.49249
1.88608,0.96100,1.68812,2.49657
1.88608,0.96100,1.68812,2.49657
1.88616,0.96099,1.67176,2.48125
1.88616,0.96099,1.67176,2.48125
1.88683,0.96014,1.55828,2.37427
1.88683,0.96014,1.55828,2.37427
1.88683,0.96014,1.55828,2.37427
1.88683,0.96014,1.55828,2.37427
1.88683,0.96014,1.55828,2.37427
1.88683,0.96014,1.55828,2.37427
1.88690,0.96013,1.68509,2.49393
1.88690,0.96013,1.68509,2.49393
1.88826,0.95962,1.56463,2.38150
1.88826,0.95962,1.56463,2.38150
1.88830,0.95961,1.68160,2.49192
1.88830,0.95961,1.68160,2.49192
1.88839,0.95961,1.68368,2.49399
1.88839,0.95961,1.68368,2.49399
1.88848,0.95961,1.66678,2.47816
1.88848,0.95961,1.66678,2.47816
1.88941,0.95970,1.63723,2.45150
1.88941,0.95970,1.63723,2.45150
1.88949,0.95970,1.67302,2.48539
1.88949,0.95970,1.67302,2.48539
1.88957,0.95971,1.66297,2.47601
1.88957,0.95971,1.66297,2.47601
1.88965,0.95971,1.64270,2.45697
1.88965,0.95971,1.64270,2.45697
1.88984,0.96046,1.62844,2.44440
1.88984,0.96046,1.62844,2.44440
1.88987,0.96046,1.66080,2.47499
1.88987,0.96046,1.66080,2.47499
1.89086,0.96153,1.65012,2.46713
1.89086,0.96153,1.65012,2.46713
1.89090,0.96154,1.67953,2.49497
1.89090,0.96154,1.67953,2.49497
1.89104,0.96154,1.66556,2.48197
1.89104,0.96154,1.66556,2.48197
1.89133,0.96283,1.62712,2.44717
1.89133,0.96283,1.62712,2.44717
1.89140,0.96284,1.66496,2.48302
1.89140,0.96284,1.66496,2.48302
1.89325,0.96456,1.61218,2.43708
1.89325,0.96456,1.61218,2.43708
1.89328,0.96456,1.64505,2.46821
1.89328,0.96456,1.64505,2.46821
1.89340,0.96458,1.64381,2.46719
1.89340,0.96458,1.64381,2.46719
1.89401,0.96677,1.62795,2.45498
1.89401,0.96677,1.62795,2.45498
1.89409,0.96678,1.65729,2.48286
1.89409,0.96678,1.65729,2.48286
1.89475,0.96922,1.54893,2.38339
1.89475,0.96922,1.54893,2.38339
1.89480,0.96924,1.65204,2.48106
1.89480,0.96924,1.65204,2.48106
1.89489,0.96926,1.64966,2.47893
1.89489,0.96926,1.64966,2.47893
1.89497,0.96927,1.62866,2.45918
1.89497,0.96927,1.62866,2.45918
1.89388,0.97205,1.37221,2.21771
1.89388,0.97205,1.37221,2.21771
1.89381,0.97207,1.44118,2.28288
1.89381,0.97207,1.44118,2.28288
1.88973,0.97548,1.54572,2.37978
1.88973,0.97548,1.54572,2.37978
1.88993,0.97556,1.67577,2.50289
1.88993,0.97556,1.67577,2.50289
1.89219,0.97801,1.51983,2.36073
1.89219,0.97801,1.51983,2.36073
1.89222,0.97803,1.63776,2.47224
1.89222,0.97803,1.63776,2.47224
1.89231,0.97804,1.64015,2.47462
1.89231,0.97804,1.64015,2.47462
1.89383,0.98045,1.51363,2.35914
1.89383,0.98045,1.51363,2.35914
1.89387,0.98047,1.61571,2.45575
1.89387,0.98047,1.61571,2.45575
1.89359,0.98329,1.59098,2.43457
1.89359,0.98329,1.59098,2.43457
1.89359,0.98329,1.59098,2.43457
1.89359,0.98329,1.59098,2.43457
1.89361,0.98330,1.61947,2.46157
1.89361,0.98330,1.61947,2.46157
1.89372,0.98333,1.61249,2.45513
1.89372,0.98333,1.61249,2.45513
1.89379,0.98334,1.59276,2.43657
1.89379,0.98334,1.59276,2.43657
1.89387,0.98610,1.59271,2.43914
1.89387,0.98610,1.59271,2.43914
1.89390,0.98611,1.61869,2.46376
1.89390,0.98611,1.61869,2.46376
1.89401,0.98613,1.60892,2.45468
1.89401,0.98613,1.60892,2.45468
1.89365,0.98869,1.52459,2.37679
1.89365,0.98869,1.52459,2.37679
1.89370,0.98871,1.62646,2.47322
1.89370,0.98871,1.62646,2.47322
1.89370,0.98871,1.62646,2.47322
1.89370,0.98871,1.62646,2.47322
1.89378,0.98872,1.62191,2.46903
1.89378,0.98872,1.62191,2.46903
1.89408,0.99089,1.50975,2.36528
1.89408,0.99089,1.50975,2.36528
1.89412,0.99090,1.60934,2.45954
1.89412,0.99090,1.60934,2.45954
1.89419,0.99091,1.60696,2.45739
1.89419,0.99091,1.60696,2.45739
1.89592,0.99269,1.63864,2.49121
1.89592,0.99269,1.63864,2.49121
1.89600,0.99269,1.63023,2.48337
1.89600,0.99269,1.63023,2.48337
1.89605,0.99270,1.61890,2.47270
1.89605,0.99270,1.61890,2.47270
1.89648,0.99403,1.51092,2.37217
1.89648,0.99403,1.51092,2.37217
1.89652,0.99404,1.61034,2.46638
1.89652,0.99404,1.61034,2.46638
1.89659,0.99404,1.60761,2.46390
1.89659,0.99404,1.60761,2.46390
1.89710,0.99557,1.56890,2.42924
1.89710,0.99557,1.56890,2.42924
1.89893,0.99681,1.51039,2.37719
1.89893,0.99681,1.51039,2.37719
1.89897,0.99682,1.61289,2.47443
1.89897,0.99682,1.61289,2.47443
1.90059,0.99769,1.59084,2.45633
1.90059,0.99769,1.59084,2.45633
1.90059,0.99769,1.59084,2.45633
1.90059,0.99769,1.59084,2.45633
1.90066,0.99769,1.58274,2.44873
1.90066,0.99769,1.58274,2.44873
1.90066,0.99769,1.58274,2.44873
1.90066,0.99769,1.58274,2.44873
1.90069,0.99769,1.57267,2.43922
1.90069,0.99769,1.57267,2.43922
1.90076,0.99770,1.54097,2.40923
1.90076,0.99770,1.54097,2.40923
1.90051,0.99867,1.51620,2.38623
1.90051,0.99867,1.51620,2.38623
1.90056,0.99867,1.60972,2.47504
1.90056,0.99867,1.60972,2.47504
1.90208,0.99921,1.51222,2.38483
1.90208,0.99921,1.51222,2.38483
1.90208,0.99921,1.51222,2.38483
1.90208,0.99921,1.51222,2.38483
1.90209,0.99921,1.58358,2.45261
1.90209,0.99921,1.58358,2.45261
1.90219,0.99921,1.59910,2.46749
1.90219,0.99921,1.59910,2.46749
1.90310,0.99972,1.48509,2.36072
1.90310,0.99972,1.48509,2.36072
1.90313,0.99972,1.58215,2.45296
1.90313,0.99972,1.58215,2.45296
1.90451,1.00025,1.59438,2.46678
1.90451,1.00025,1.59438,2.46678
1.90458,1.00025,1.61298,2.48455
1.90458,1.00025,1.61298,2.48455
1.90466,1.00025,1.59390,2.46651
1.90466,1.00025,1.59390,2.46651
1.90560,1.00050,1.48908,2.36815
1.90560,1.00050,1.48908,2.36815
1.90560,1.00050,1.48908,2.36815
1.90560,1.00050,1.48908,2.36815
1.90566,1.00050,1.58841,2.46271
1.90566,1.00050,1.58841,2.46271
1.90615,1.00081,1.50824,2.38725
1.90615,1.00081,1.50824,2.38725
1.90615,1.00081,1.50824,2.38725
1.90615,1.00081,1.50824,2.38725
1.90624,1.00081,1.59777,2.47256
1.90624,1.00081,1.59777,2.47256
1.90743,1.00094,1.48759,2.36921
1.90743,1.00094,1.48759,2.36921
1.90746,1.00094,1.58559,2.46255
1.90746,1.00094,1.58559,2.46255
1.90891,1.00098,1.59035,2.46887
1.90891,1.00098,1.59035,2.46887
1.90898,1.00098,1.60939,2.48710
1.90898,1.00098,1.60939,2.48710
1.90906,1.00098,1.58846,2.46726
1.90906,1.00098,1.58846,2.46726
1.90917,1.00092,1.49083,2.37421
1.90917,1.00092,1.49083,2.37421
1.90920,1.00092,1.58358,2.46264
1.90920,1.00092,1.58358,2.46264
1.91010,1.00095,1.48659,2.37125
1.91010,1.00095,1.48659,2.37125
1.91010,1.00095,1.48659,2.37125
1.91010,1.00095,1.48659,2.37125
1.91017,1.00095,1.58326,2.46348
1.91017,1.00095,1.58326,2.46348
1.91113,1.00104,1.49008,2.37582
1.91113,1.00104,1.49008,2.37582
1.91117,1.00104,1.59462,2.47558
1.91117,1.00104,1.59462,2.47558
1.91124,1.00104,1.58647,2.46789
1.91124,1.00104,1.58647,2.46789
1.91159,1.00106,1.55717,2.44029
1.91159,1.00106,1.55717,2.44029
1.91165,1.00106,1.58023,2.46236
1.91165,1.00106,1.58023,2.46236
1.91299,1.00101,1.57741,2.46124
1.91299,1.00101,1.57741,2.46124
1.91303,1.00101,1.59821,2.48114
1.91303,1.00101,1.59821,2.48114
1.91314,1.00101,1.57425,2.45840
1.91314,1.00101,1.57425,2.45840
1.91319,1.00082,1.54552,2.43073
1.91319,1.00082,1.54552,2.43073
1.91324,1.00082,1.57089,2.45502
1.91324,1.00082,1.57089,2.45502
1.91421,1.00087,1.54291,2.42946
1.91421,1.00087,1.54291,2.42946
1.91427,1.00087,1.56400,2.44968
1.91427,1.00087,1.56400,2.44968
1.91441,1.00099,1.46294,2.35333
1.91441,1.00099,1.46294,2.35333
1.91446,1.00099,1.55321,2.43962
1.91446,1.00099,1.55321,2.43962
1.91489,1.00112,1.45815,2.34934
1.91489,1.00112,1.45815,2.34934
1.91491,1.00112,1.54778,2.43500
1.91491,1.00112,1.54778,2.43500
1.91497,1.00112,1.54258,2.43011
1.91497,1.00112,1.54258,2.43011
1.91567,1.00104,1.46959,2.36104
1.91567,1.00104,1.46959,2.36104
1.91637,1.00092,1.46658,2.35878
1.91637,1.00092,1.46658,2.35878
1.91640,1.00092,1.55518,2.44351
1.91640,1.00092,1.55518,2.44351
1.91741,1.00080,1.48099,2.37359
1.91741,1.00080,1.48099,2.37359
1.91749,1.00080,1.57431,2.46294
1.91749,1.00080,1.57431,2.46294
1.91756,1.00079,1.55259,2.44226
1.91756,1.00079,1.55259,2.44226
1.91570,1.00067,1.24467,2.14541
1.91570,1.00067,1.24467,2.14541
1.91310,1.00096,1.45083,2.33938
1.91310,1.00096,1.45083,2.33938
1.91313,1.00096,1.55341,2.43729
1.91313,1.00096,1.55341,2.43729
1.91320,1.00096,1.55232,2.43634
1.91320,1.00096,1.55232,2.43634
1.91394,1.00064,1.44633,2.33568
1.91394,1.00064,1.44633,2.33568
1.91400,1.00064,1.54311,2.42812
1.91400,1.00064,1.54311,2.42812
1.91346,1.00031,1.39698,2.28756
1.91346,1.00031,1.39698,2.28756
1.91346,1.00031,1.44399,2.33241
1.91346,1.00031,1.44399,2.33241
1.91124,1.00046,1.44426,2.32998
1.91124,1.00046,1.44426,2.32998
1.91127,1.00047,1.53173,2.41338
1.91127,1.00047,1.53173,2.41338
1.91251,1.00029,1.44760,2.33441
1.91251,1.00029,1.44760,2.33441
1.91257,1.00029,1.53475,2.41759
1.91257,1.00029,1.53475,2.41759
1.91224,1.00022,1.41166,2.29960
1.91224,1.00022,1.41166,2.29960
1.91224,1.00022,1.41166,2.29960
1.91224,1.00022,1.41166,2.29960
1.91228,1.00022,1.50783,2.39135
1.91228,1.00022,1.50783,2.39135
1.91233,1.00022,1.49680,2.38089
1.91233,1.00022,1.49680,2.38089
1.91202,1.00021,1.30073,2.19345
1.91202,1.00021,1.30073,2.19345
1.91194,1.00021,1.34336,2.23400
1.91194,1.00021,1.34336,2.23400
1.90868,1.00062,1.44999,2.33191
1.90868,1.00062,1.44999,2.33191
1.90872,1.00062,1.53707,2.41482
1.90872,1.00062,1.53707,2.41482
1.90999,1.00017,1.43105,2.31492
1.90999,1.00017,1.43105,2.31492
1.91003,1.00017,1.52315,2.40265
1.91003,1.00017,1.52315,2.40265
1.91098,0.99980,1.43866,2.32287
1.91098,0.99980,1.43866,2.32287
1.91102,0.99980,1.52870,2.40869
1.91102,0.99980,1.52870,2.40869
1.91207,0.99960,1.42610,2.31189
1.91207,0.99960,1.42610,2.31189
1.91210,0.99959,1.51780,2.39931
1.91210,0.99959,1.51780,2.39931
1.91216,0.99959,1.51287,2.39469
1.91216,0.99959,1.51287,2.39469
1.91277,0.99958,1.50283,2.38574
1.91277,0.99958,1.50283,2.38574
1.91283,0.99958,1.51950,2.40170
1.91283,0.99958,1.51950,2.40170
1.91353,0.99959,1.42242,2.30985
1.91353,0.99959,1.42242,2.30985
1.91359,0.99959,1.50804,2.39157
1.91359,0.99959,1.50804,2.39157
1.91414,0.99972,1.49392,2.37878
1.91414,0.99972,1.49392,2.37878
1.91414,0.99972,1.49392,2.37878
1.91414,0.99972,1.49392,2.37878
1.91416,0.99972,1.51345,2.39743
1.91416,0.99972,1.51345,2.39743
1.91425,0.99972,1.49668,2.38155
1.91425,0.99972,1.49668,2.38155
1.91537,0.99977,1.51666,2.40190
1.91537,0.99977,1.51666,2.40190
1.91544,0.99977,1.53079,2.41547
1.91544,0.99977,1.53079,2.41547
1.91660,0.99955,1.42587,2.31636
1.91660,0.99955,1.42587,2.31636
1.91666,0.99955,1.51264,2.39931
1.91666,0.99955,1.51264,2.39931
1.91672,0.99955,1.49788,2.38528
1.91672,0.99955,1.49788,2.38528
1.91691,0.99966,1.43159,2.32216
1.91691,0.99966,1.43159,2.32216
1.91695,0.99966,1.51892,2.40562
1.91695,0.99966,1.51892,2.40562
1.91695,0.99966,1.51892,2.40562
1.91695,0.99966,1.51892,2.40562
1.91842,0.99962,1.41975,2.31248
1.91842,0.99962,1.41975,2.31248
1.91845,0.99962,1.50875,2.39758
1.91845,0.99962,1.50875,2.39758
1.91974,0.99951,1.42481,2.31865
1.91974,0.99951,1.42481,2.31865
1.91977,0.99951,1.50929,2.39950
1.91977,0.99951,1.50929,2.39950
1.91983,0.99951,1.50401,2.39451
1.91983,0.99951,1.50401,2.39451
1.92089,0.99948,1.41296,2.30852
1.92089,0.99948,1.41296,2.30852
1.92095,0.99948,1.49859,2.39053
1.92095,0.99948,1.49859,2.39053
1.92184,0.99955,1.48427,2.37784
1.92184,0.99955,1.48427,2.37784
1.92189,0.99956,1.50743,2.40008
1.92189,0.99956,1.50743,2.40008
1.92364,0.99958,1.52689,2.42078
1.92364,0.99958,1.52689,2.42078
1.92480,0.99943,1.40787,2.30782
1.92480,0.99943,1.40787,2.30782
1.92482,0.99943,1.49554,2.39190
1.92482,0.99943,1.49554,2.39190
1.92488,0.99943,1.48962,2.38629
1.92488,0.99943,1.48962,2.38629
1.92503,0.99958,1.46813,2.36586
1.92503,0.99958,1.46813,2.36586
1.92508,0.99958,1.49029,2.38716
1.92508,0.99958,1.49029,2.38716
1.92514,0.99963,1.21827,2.12634
1.92514,0.99963,1.21827,2.12634
1.92490,0.99963,1.37342,2.27480
1.92490,0.99963,1.37342,2.27480
1.92490,0.99964,1.37217,2.27359
1.92490,0.99964,1.37217,2.27359
1.92247,1.00007,1.42742,2.32388
1.92247,1.00007,1.42742,2.32388
1.92256,1.00006,1.51414,2.40699
1.92256,1.00006,1.51414,2.40699
1.92422,0.99963,1.42263,2.32081
1.92422,0.99963,1.42263,2.32081
1.92426,0.99962,1.51231,2.40678
1.92426,0.99962,1.51231,2.40678
1.92598,0.99917,1.46522,2.36317
1.92598,0.99917,1.46522,2.36317
1.92603,0.99917,1.48579,2.38296
1.92603,0.99917,1.48579,2.38296
1.92650,0.99914,1.47679,2.37470
1.92650,0.99914,1.47679,2.37470
1.92655,0.99914,1.49997,2.39699
1.92655,0.99914,1.49997,2.39699
1.92783,0.99915,1.39855,2.30109
1.92783,0.99915,1.39855,2.30109
1.92788,0.99914,1.48519,2.38430
1.92788,0.99914,1.48519,2.38430
1.92655,0.99914,1.14699,2.05813
1.92655,0.99914,1.14699,2.05813
1.92640,0.99914,1.26270,2.16893
1.92640,0.99914,1.26270,2.16893
1.92473,0.99958,1.39908,2.29797
1.92473,0.99958,1.39908,2.29797
1.92476,0.99957,1.50246,2.39705
1.92476,0.99957,1.50246,2.39705
1.92606,0.99917,1.40765,2.30721
1.92606,0.99917,1.40765,2.30721
1.92609,0.99917,1.49670,2.39261
1.92609,0.99917,1.49670,2.39261
1.92712,0.99891,1.37504,2.27679
1.92712,0.99891,1.37504,2.27679
1.92710,0.99891,1.45697,2.35533
1.92710,0.99891,1.45697,2.35533
1.92763,0.99892,1.39987,2.30103
1.92763,0.99892,1.39987,2.30103
1.92766,0.99892,1.48351,2.38130
1.92766,0.99892,1.48351,2.38130
1.92876,0.99899,1.39381,2.29647
1.92876,0.99899,1.39381,2.29647
1.92876,0.99899,1.39381,2.29647
1.92876,0.99899,1.39381,2.29647
1.92882,0.99899,1.48255,2.38171
1.92882,0.99899,1.48255,2.38171
1.92887,0.99899,1.46965,2.36939
1.92887,0.99899,1.46965,2.36939
1.92969,0.99899,1.42113,2.32363
1.92969,0.99899,1.42113,2.32363
1.92977,0.99899,1.50867,2.40777
1.92977,0.99899,1.50867,2.40777
1.92984,0.99898,1.48649,2.38655
1.92984,0.99898,1.48649,2.38655
1.92989,0.99898,1.45926,2.36047
1.92989,0.99898,1.45926,2.36047
1.92988,0.99878,1.46336,2.36402
1.92988,0.99878,1.46336,2.36402
1.93088,0.99881,1.40150,2.30566
1.93088,0.99881,1.40150,2.30566
1.93089,0.99881,1.47118,2.37261
1.93089,0.99881,1.47118,2.37261
1.93098,0.99881,1.48414,2.38517
1.93098,0.99881,1.48414,2.38517
1.93156,0.99892,1.39341,2.29862
1.93156,0.99892,1.39341,2.29862
1.93159,0.99892,1.48173,2.38352
1.93159,0.99892,1.48173,2.38352
1.93278,0.99895,1.40679,2.31279
1.93278,0.99895,1.40679,2.31279
1.93282,0.99895,1.49182,2.39457
1.93282,0.99895,1.49182,2.39457
1.93390,0.99894,1.39590,2.30345
1.93390,0.99894,1.39590,2.30345
1.93390,0.99894,1.39590,2.30345
1.93390,0.99894,1.39590,2.30345
1.93390,0.99894,1.46231,2.36734
1.93390,0.99894,1.46231,2.36734
1.93398,0.99894,1.47376,2.37845
1.93398,0.99894,1.47376,2.37845
1.93404,0.99894,1.45477,2.36024
1.93404,0.99894,1.45477,2.36024
1.93459,0.99896,1.45292,2.35897
1.93459,0.99896,1.45292,2.35897
1.93577,0.99896,1.41395,2.32270
1.93577,0.99896,1.41395,2.32270
1.93577,0.99896,1.41395,2.32270
1.93577,0.99896,1.41395,2.32270
1.93584,0.99896,1.49491,2.40073
1.93584,0.99896,1.49491,2.40073
1.93590,0.99896,1.47635,2.38293
1.93590,0.99896,1.47635,2.38293
1.93677,0.99896,1.38518,2.29600
1.93677,0.99896,1.38518,2.29600
1.93682,0.99896,1.47370,2.38131
1.93682,0.99896,1.47370,2.38131
1.93687,0.99896,1.46072,2.36887
1.93687,0.99896,1.46072,2.36887
1.93763,0.99900,1.49798,2.40554
1.93763,0.99900,1.49798,2.40554
1.93763,0.99900,1.49798,2.40554
1.93763,0.99900,1.49798,2.40554
1.93773,0.99900,1.47318,2.38177
1.93773,0.99900,1.47318,2.38177
1.93828,0.99894,1.39449,2.30637
1.93828,0.99894,1.39449,2.30637
1.93834,0.99894,1.47586,2.38485
1.93834,0.99894,1.47586,2.38485
1.93840,0.99894,1.46018,2.36981
1.93840,0.99894,1.46018,2.36981
1.93905,0.99894,1.44387,2.35468
1.93905,0.99894,1.44387,2.35468
1.93910,0.99894,1.46128,2.37152
1.93910,0.99894,1.46128,2.37152
1.93964,0.99911,1.39270,2.30603
1.93964,0.99911,1.39270,2.30603
1.93964,0.99911,1.39270,2.30603
1.93964,0.99911,1.39270,2.30603
1.93964,0.99911,1.39270,2.30603
1.93964,0.99911,1.39270,2.30603
1.93969,0.99911,1.47352,2.38402
1.93969,0.99911,1.47352,2.38402
1.93985,0.99918,1.37919,2.29313
1.93985,0.99918,1.37919,2.29313
1.93988,0.99918,1.46490,2.37580
1.93988,0.99918,1.46490,2.37580
1.93993,0.99918,1.46143,2.37251
1.93993,0.99918,1.46143,2.37251
1.94047,0.99920,1.46154,2.37310
1.94047,0.99920,1.46154,2.37310
1.94053,0.99920,1.47575,2.38687
1.94053,0.99920,1.47575,2.38687
1.94058,0.99920,1.45848,2.37028
1.94058,0.99920,1.45848,2.37028
1.94121,0.99908,1.45098,2.36350
1.94121,0.99908,1.45098,2.36350
1.94126,0.99908,1.46702,2.37903
1.94126,0.99908,1.46702,2.37903
1.94233,0.99903,1.45642,2.36986
1.94233,0.99903,1.45642,2.36986
1.94239,0.99903,1.47651,2.38931
1.94239,0.99903,1.47651,2.38931
1.94241,0.99903,1.46989,2.38296
1.94241,0.99903,1.46989,2.38296
1.94257,0.99893,1.22450,2.14601
1.94257,0.99893,1.22450,2.14601
1.94238,0.99893,1.38840,2.30396
1.94238,0.99893,1.38840,2.30396
1.94113,0.99912,1.48685,2.39739
1.94113,0.99912,1.48685,2.39739
1.94120,0.99911,1.50197,2.41206
1.94120,0.99911,1.50197,2.41206
1.94210,0.99876,1.39873,2.31301
1.94210,0.99876,1.39873,2.31301
1.94213,0.99876,1.48043,2.39188
1.94213,0.99876,1.48043,2.39188
1.94216,0.99875,1.47859,2.39014
1.94216,0.99875,1.47859,2.39014
1.94391,0.99847,1.45063,2.36481
1.94391,0.99847,1.45063,2.36481
1.94396,0.99847,1.46579,2.37950
1.94396,0.99847,1.46579,2.37950
1.94470,0.99854,1.45430,2.36917
1.94470,0.99854,1.45430,2.36917
1.94599,0.99856,1.37800,2.29680
1.94599,0.99856,1.37800,2.29680
1.94602,0.99856,1.45911,2.37523
1.94602,0.99856,1.45911,2.37523
1.94607,0.99856,1.45032,2.36679
1.94607,0.99856,1.45032,2.36679
1.94646,0.99875,1.39065,2.30956
1.94646,0.99875,1.39065,2.30956
1.94646,0.99875,1.39065,2.30956
1.94646,0.99875,1.39065,2.30956
1.94652,0.99875,1.47198,2.38825
1.94652,0.99875,1.47198,2.38825
1.94704,0.99875,1.23264,2.15728
1.94704,0.99875,1.23264,2.15728
1.94697,0.99875,1.34468,2.26551
1.94697,0.99875,1.34468,2.26551
1.94516,0.99900,1.38577,2.30311
1.94516,0.99900,1.38577,2.30311
1.94519,0.99900,1.46809,2.38265
1.94519,0.99900,1.46809,2.38265
1.94525,0.99900,1.46151,2.37637
1.94525,0.99900,1.46151,2.37637
1.94693,0.99874,1.45457,2.37125
1.94693,0.99874,1.45457,2.37125
1.94699,0.99873,1.46761,2.38392
1.94699,0.99873,1.46761,2.38392
1.94796,0.99862,1.45609,2.37363
1.94796,0.99862,1.45609,2.37363
1.94802,0.99861,1.47062,2.38774
1.94802,0.99861,1.47062,2.38774
1.94807,0.99861,1.45154,2.36935
1.94807,0.99861,1.45154,2.36935
1.94820,0.99859,1.47580,2.39272
1.94820,0.99859,1.47580,2.39272
1.94826,0.99859,1.49310,2.40953
1.94826,0.99859,1.49310,2.40953
1.94863,0.99843,1.39767,2.31731
1.94863,0.99843,1.39767,2.31731
1.94867,0.99843,1.48327,2.40013
1.94867,0.99843,1.48327,2.40013
1.94867,0.99843,1.48327,2.40013
1.94867,0.99843,1.48327,2.40013
1.94867,0.99843,1.48327,2.40013
1.94867,0.99843,1.48327,2.40013
1.94876,0.99843,1.46508,2.38265
1.94876,0.99843,1.46508,2.38265
1.94975,0.99836,1.38928,2.31023
1.94975,0.99836,1.38928,2.31023
1.94979,0.99836,1.46648,2.38497
1.94979,0.99836,1.46648,2.38497
1.94984,0.99835,1.45607,2.37496
1.94984,0.99835,1.45607,2.37496
1.95058,0.99836,1.38748,2.30924
1.95058,0.99836,1.38748,2.30924
1.95061,0.99836,1.47337,2.39242
1.95061,0.99836,1.47337,2.39242
1.95061,0.99836,1.47337,2.39242
1.95061,0.99836,1.47337,2.39242
1.95108,0.99849,1.39561,2.31762
1.95108,0.99849,1.39561,2.31762
1.95112,0.99849,1.47782,2.39726
1.95112,0.99849,1.47782,2.39726
1.95184,0.99853,1.43999,2.36130
1.95184,0.99853,1.43999,2.36130
1.95189,0.99853,1.46018,2.38091
1.95189,0.99853,1.46018,2.38091
1.95255,0.99858,1.43801,2.36006
1.95255,0.99858,1.43801,2.36006
1.95259,0.99858,1.45598,2.37751
1.95259,0.99858,1.45598,2.37751
1.95264,0.99858,1.44033,2.36241
1.95264,0.99858,1.44033,2.36241
1.95259,0.99869,1.44351,2.36530
1.95259,0.99869,1.44351,2.36530
1.95263,0.99869,1.46087,2.38218
1.95263,0.99869,1.46087,2.38218
1.95312,0.99871,1.46771,2.38918
1.95312,0.99871,1.46771,2.38918
1.95318,0.99871,1.48012,2.40127
1.95318,0.99871,1.48012,2.40127
1.95324,0.99871,1.46045,2.38229
1.95324,0.99871,1.46045,2.38229
1.95329,0.99870,1.43461,2.35731
1.95329,0.99870,1.43461,2.35731
1.95344,0.99846,1.48586,2.40665
1.95344,0.99846,1.48586,2.40665
1.95350,0.99845,1.47329,2.39455
1.95350,0.99845,1.47329,2.39455
1.95351,0.99838,1.38070,2.30457
1.95351,0.99838,1.38070,2.30457
1.95352,0.99838,1.44360,2.36550
1.95352,0.99838,1.44360,2.36550
1.95440,0.99847,1.39054,2.31500
1.95440,0.99847,1.39054,2.31500
1.95443,0.99847,1.46990,2.39194
1.95443,0.99847,1.46990,2.39194
1.95464,0.99851,1.36366,2.28904
1.95464,0.99851,1.36366,2.28904
1.95467,0.99851,1.44733,2.37015
1.95467,0.99851,1.44733,2.37015
1.95537,0.99856,1.39037,2.31561
1.95537,0.99856,1.39037,2.31561
1.95541,0.99856,1.46944,2.39229
1.95541,0.99856,1.46944,2.39229
1.95588,0.99852,1.43832,2.36242
1.95588,0.99852,1.43832,2.36242
1.95593,0.99852,1.45443,2.37809
1.95593,0.99852,1.45443,2.37809
1.95656,0.99858,1.39157,2.31771
1.95656,0.99858,1.39157,2.31771
1.95660,0.99858,1.47050,2.39430
1.95660,0.99858,1.47050,2.39430
1.95666,0.99858,1.45930,2.38351
1.95666,0.99858,1.45930,2.38351
1.95713,0.99858,1.44431,2.36930
1.95713,0.99858,1.44431,2.36930
1.95716,0.99858,1.46230,2.38677
1.95716,0.99858,1.46230,2.38677
1.95821,0.99846,1.44815,2.37396
1.95821,0.99846,1.44815,2.37396
1.95826,0.99846,1.46633,2.39167
1.95826,0.99846,1.46633,2.39167
1.95934,0.99830,1.44637,2.37320
1.95934,0.99830,1.44637,2.37320
1.95939,0.99830,1.45962,2.38612
1.95939,0.99830,1.45962,2.38612
1.95988,0.99836,1.49024,2.41625
1.95988,0.99836,1.49024,2.41625
1.95995,0.99836,1.47377,2.40034
1.95995,0.99836,1.47377,2.40034
1.96001,0.99835,1.44623,2.37366
1.96001,0.99835,1.44623,2.37366
1.95977,0.99830,1.38954,2.31804
1.95977,0.99830,1.38954,2.31804
1.95981,0.99830,1.46775,2.39401
1.95981,0.99830,1.46775,2.39401
1.95986,0.99830,1.45821,2.38481
1.95986,0.99830,1.45821,2.38481
1.96058,0.99836,1.38958,2.31884
1.96058,0.99836,1.38958,2.31884
1.96061,0.99836,1.47157,2.39851
1.96061,0.99836,1.47157,2.39851
1.96067,0.99837,1.46107,2.38838
1.96067,0.99837,1.46107,2.38838
1.96142,0.99843,1.36329,2.29412
1.96142,0.99843,1.36329,2.29412
1.96145,0.99843,1.45124,2.37958
1.96145,0.99843,1.45124,2.37958
1.96231,0.99839,1.38237,2.31341
1.96231,0.99839,1.38237,2.31341
1.96235,0.99839,1.46025,2.38913
1.96235,0.99839,1.46025,2.38913
1.96291,0.99836,1.37778,2.30938
1.96291,0.99836,1.37778,2.30938
1.96294,0.99836,1.45809,2.38747
1.96294,0.99836,1.45809,2.38747
1.96351,0.99833,1.42802,2.35864
1.96351,0.99833,1.42802,2.35864
1.96351,0.99833,1.42802,2.35864
1.96351,0.99833,1.42802,2.35864
1.96358,0.99833,1.43775,2.36818
1.96358,0.99833,1.43775,2.36818
1.96403,0.99843,1.38882,2.32098
1.96403,0.99843,1.38882,2.32098
1.96406,0.99843,1.46925,2.39922
1.96406,0.99843,1.46925,2.39922
1.96412,0.99843,1.46024,2.39052
1.96412,0.99843,1.46024,2.39052
1.96485,0.99836,1.44321,2.37452
1.96485,0.99836,1.44321,2.37452
1.96490,0.99836,1.45863,2.38958
1.96490,0.99836,1.45863,2.38958
