24.62760 24.58658 1.31739 1.00110
24.62760 24.58658 1.31739 1.00110
24.62804 24.58658 1.31872 1.00110
24.62804 24.58658 1.31872 1.00110
24.62804 24.58658 1.31872 1.00110
24.62804 24.58658 1.31872 1.00110
24.62848 24.58658 1.32006 1.00110
24.62848 24.58658 1.32006 1.00110
24.62848 24.58658 1.32006 1.00110
24.62848 24.58658 1.32006 1.00110
24.73920 24.58658 1.56693 1.00110
24.73920 24.58658 1.56693 1.00110
24.73920 24.58658 1.56693 1.00110
24.73920 24.58658 1.56693 1.00110
24.73993 24.58658 1.56878 1.00110
24.73993 24.58658 1.56878 1.00110
24.73993 24.58658 1.56878 1.00110
24.73993 24.58658 1.56878 1.00110
24.74067 24.58658 1.57074 1.00110
24.74067 24.58658 1.57074 1.00110
24.74067 24.58658 1.57074 1.00110
24.74067 24.58658 1.57074 1.00110
24.74141 24.58658 1.57273 1.00110
24.74141 24.58658 1.57273 1.00110
24.74141 24.58658 1.57273 1.00110
24.74141 24.58658 1.57273 1.00110
24.92492 24.58658 1.87827 1.00110
24.92492 24.58658 1.87827 1.00110
24.92492 24.58658 1.87827 1.00110
24.92492 24.58658 1.87827 1.00110
24.92608 24.58658 1.87978 1.00110
24.92608 24.58658 1.87978 1.00110
24.92608 24.58658 1.87978 1.00110
24.92608 24.58658 1.87978 1.00110
24.92725 24.58658 1.88142 1.00110
24.92725 24.58658 1.88142 1.00110
24.92725 24.58658 1.88142 1.00110
24.92725 24.58658 1.88142 1.00110
25.19289 24.58658 2.13586 1.00110
25.19289 24.58658 2.13586 1.00110
25.19289 24.58658 2.13586 1.00110
25.19289 24.58658 2.13586 1.00110
25.19365 24.58658 2.13658 1.00110
25.19365 24.58658 2.13658 1.00110
25.19365 24.58658 2.13658 1.00110
25.19365 24.58658 2.13658 1.00110
25.19596 24.58658 2.13880 1.00110
25.19596 24.58658 2.13880 1.00110
25.19596 24.58658 2.13880 1.00110
25.19596 24.58658 2.13880 1.00110
25.19750 24.58658 2.14026 1.00110
25.19750 24.58658 2.14026 1.00110
25.19750 24.58658 2.14026 1.00110
25.19750 24.58658 2.14026 1.00110
25.51831 24.58658 2.33320 1.00110
25.51831 24.58658 2.33320 1.00110
25.51831 24.58658 2.33320 1.00110
25.51831 24.58658 2.33320 1.00110
25.52014 24.58658 2.33426 1.00110
25.52014 24.58658 2.33426 1.00110
25.52014 24.58658 2.33426 1.00110
25.52014 24.58658 2.33426 1.00110
25.52198 24.58658 2.33543 1.00110
25.52198 24.58658 2.33543 1.00110
25.52198 24.58658 2.33543 1.00110
25.52198 24.58658 2.33543 1.00110
25.52381 24.58658 2.33661 1.00110
25.52381 24.58658 2.33661 1.00110
25.52381 24.58658 2.33661 1.00110
25.52381 24.58658 2.33661 1.00110
25.89437 24.58658 2.48532 1.00110
25.89437 24.58658 2.48532 1.00110
25.89437 24.58658 2.48532 1.00110
25.89437 24.58658 2.48532 1.00110
25.89749 24.58658 2.48624 1.00110
25.89749 24.58658 2.48624 1.00110
25.89749 24.58658 2.48624 1.00110
25.89749 24.58658 2.48624 1.00110
25.89957 24.58658 2.48716 1.00110
25.89957 24.58658 2.48716 1.00110
25.89957 24.58658 2.48716 1.00110
25.89957 24.58658 2.48716 1.00110
25.90165 24.58658 2.48811 1.00110
25.90165 24.58658 2.48811 1.00110
25.90165 24.58658 2.48811 1.00110
25.90165 24.58658 2.48811 1.00110
25.90165 24.58658 2.48811 1.00110
25.90165 24.58658 2.48811 1.00110
25.90165 24.58658 2.48811 1.00110
25.90165 24.58658 2.48811 1.00110
26.31631 24.58658 2.60544 1.00110
26.31631 24.58658 2.60544 1.00110
26.31631 24.58658 2.60544 1.00110
26.31631 24.58658 2.60544 1.00110
26.31859 24.58658 2.60597 1.00110
26.31859 24.58658 2.60597 1.00110
26.31859 24.58658 2.60597 1.00110
26.31859 24.58658 2.60597 1.00110
26.31859 24.58658 2.60597 1.00110
26.31859 24.58658 2.60597 1.00110
26.31859 24.58658 2.60597 1.00110
26.31859 24.58658 2.60597 1.00110
26.31973 24.58658 2.60636 1.00110
26.31973 24.58658 2.60636 1.00110
26.31973 24.58658 2.60636 1.00110
26.31973 24.58658 2.60636 1.00110
26.32314 24.58658 2.60759 1.00110
26.32314 24.58658 2.60759 1.00110
26.32314 24.58658 2.60759 1.00110
26.32314 24.58658 2.60759 1.00110
26.32543 24.58658 2.60838 1.00110
26.32543 24.58658 2.60838 1.00110
26.32543 24.58658 2.60838 1.00110
26.32543 24.58658 2.60838 1.00110
26.77486 24.58658 2.69415 1.00110
26.77486 24.58658 2.69415 1.00110
26.77486 24.58658 2.69415 1.00110
26.77486 24.58658 2.69415 1.00110
26.77731 24.58658 2.69472 1.00110
26.77731 24.58658 2.69472 1.00110
26.77731 24.58658 2.69472 1.00110
26.77731 24.58658 2.69472 1.00110
26.77731 24.58658 2.69472 1.00110
26.77731 24.58658 2.69472 1.00110
26.77731 24.58658 2.69472 1.00110
26.77731 24.58658 2.69472 1.00110
26.77731 24.58658 2.69472 1.00110
26.77731 24.58658 2.69472 1.00110
26.77731 24.58658 2.69472 1.00110
26.77731 24.58658 2.69472 1.00110
26.78099 24.58658 2.69569 1.00110
26.78099 24.58658 2.69569 1.00110
26.78099 24.58658 2.69569 1.00110
26.78099 24.58658 2.69569 1.00110
27.25840 24.58658 2.76004 1.00110
27.25840 24.58658 2.76004 1.00110
27.25840 24.58658 2.76004 1.00110
27.25840 24.58658 2.76004 1.00110
27.26229 24.58658 2.76047 1.00110
27.26229 24.58658 2.76047 1.00110
27.26229 24.58658 2.76047 1.00110
27.26229 24.58658 2.76047 1.00110
27.26489 24.58658 2.76102 1.00110
27.26489 24.58658 2.76102 1.00110
27.26489 24.58658 2.76102 1.00110
27.26489 24.58658 2.76102 1.00110
27.76895 24.58658 2.80930 1.00110
27.76895 24.58658 2.80930 1.00110
27.76895 24.58658 2.80930 1.00110
27.76895 24.58658 2.80930 1.00110
27.77167 24.58658 2.80953 1.00110
27.77167 24.58658 2.80953 1.00110
27.77167 24.58658 2.80953 1.00110
27.77167 24.58658 2.80953 1.00110
27.77439 24.58658 2.80998 1.00110
27.77439 24.58658 2.80998 1.00110
27.77439 24.58658 2.80998 1.00110
27.77439 24.58658 2.80998 1.00110
27.77439 24.58658 2.80998 1.00110
27.77439 24.58658 2.80998 1.00110
27.77439 24.58658 2.80998 1.00110
27.77439 24.58658 2.80998 1.00110
27.77439 24.58658 2.80998 1.00110
27.77439 24.58658 2.80998 1.00110
27.77439 24.58658 2.80998 1.00110
27.77439 24.58658 2.80998 1.00110
27.77439 24.58658 2.80998 1.00110
27.77439 24.58658 2.80998 1.00110
27.77439 24.58658 2.80998 1.00110
27.77439 24.58658 2.80998 1.00110
27.77847 24.58658 2.81063 1.00110
27.77847 24.58658 2.81063 1.00110
27.77847 24.58658 2.81063 1.00110
27.77847 24.58658 2.81063 1.00110
28.30103 24.58658 2.83976 1.00110
28.30103 24.58658 2.83976 1.00110
28.30103 24.58658 2.83976 1.00110
28.30103 24.58658 2.83976 1.00110
28.30385 24.58658 2.83980 1.00110
28.30385 24.58658 2.83980 1.00110
28.30385 24.58658 2.83980 1.00110
28.30385 24.58658 2.83980 1.00110
28.30385 24.58658 2.83980 1.00110
28.30385 24.58658 2.83980 1.00110
28.30385 24.58658 2.83980 1.00110
28.30385 24.58658 2.83980 1.00110
28.30385 24.58658 2.83980 1.00110
28.30385 24.58658 2.83980 1.00110
28.30385 24.58658 2.83980 1.00110
28.30385 24.58658 2.83980 1.00110
28.30385 24.58658 2.83980 1.00110
28.30385 24.58658 2.83980 1.00110
28.30385 24.58658 2.83980 1.00110
28.30385 24.58658 2.83980 1.00110
28.30807 24.58658 2.84029 1.00110
28.30807 24.58658 2.84029 1.00110
28.30807 24.58658 2.84029 1.00110
28.30807 24.58658 2.84029 1.00110
28.31089 24.58658 2.84066 1.00110
28.31089 24.58658 2.84066 1.00110
28.31089 24.58658 2.84066 1.00110
28.31089 24.58658 2.84066 1.00110
28.86233 24.58658 2.85868 1.00110
28.86233 24.58658 2.85868 1.00110
28.86233 24.58658 2.85868 1.00110
28.86233 24.58658 2.85868 1.00110
28.86523 24.58658 2.85905 1.00110
28.86523 24.58658 2.85905 1.00110
28.86523 24.58658 2.85905 1.00110
28.86523 24.58658 2.85905 1.00110
29.42296 24.58658 2.87001 1.00110
29.42296 24.58658 2.87001 1.00110
29.42296 24.58658 2.87001 1.00110
29.42296 24.58658 2.87001 1.00110
29.42594 24.58658 2.87007 1.00110
29.42594 24.58658 2.87007 1.00110
29.42594 24.58658 2.87007 1.00110
29.42594 24.58658 2.87007 1.00110
29.42891 24.58658 2.87034 1.00110
29.42891 24.58658 2.87034 1.00110
29.42891 24.58658 2.87034 1.00110
29.42891 24.58658 2.87034 1.00110
29.43189 24.58658 2.87062 1.00110
29.43189 24.58658 2.87062 1.00110
29.43189 24.58658 2.87062 1.00110
29.43189 24.58658 2.87062 1.00110
30.00263 24.58658 2.87233 1.00110
30.00263 24.58658 2.87233 1.00110
30.00263 24.58658 2.87233 1.00110
30.00263 24.58658 2.87233 1.00110
30.00263 24.58658 2.87233 1.00110
30.00263 24.58658 2.87233 1.00110
30.00263 24.58658 2.87233 1.00110
30.00263 24.58658 2.87233 1.00110
30.00719 24.58658 2.87260 1.00110
30.00719 24.58658 2.87260 1.00110
30.00719 24.58658 2.87260 1.00110
30.00719 24.58658 2.87260 1.00110
30.01023 24.58658 2.87281 1.00110
30.01023 24.58658 2.87281 1.00110
30.01023 24.58658 2.87281 1.00110
30.01023 24.58658 2.87281 1.00110
30.01023 24.58658 2.87281 1.00110
30.01023 24.58658 2.87281 1.00110
30.01023 24.58658 2.87281 1.00110
30.01023 24.58658 2.87281 1.00110
30.01479 24.58658 2.87306 1.00110
30.01479 24.58658 2.87306 1.00110
30.01479 24.58658 2.87306 1.00110
30.01479 24.58658 2.87306 1.00110
30.59586 24.58658 2.86347 1.00110
30.59586 24.58658 2.86347 1.00110
30.59586 24.58658 2.86347 1.00110
30.59586 24.58658 2.86347 1.00110
30.59895 24.58658 2.86361 1.00110
30.59895 24.58658 2.86361 1.00110
30.59895 24.58658 2.86361 1.00110
30.59895 24.58658 2.86361 1.00110
31.18813 24.58658 2.84818 1.00110
31.18813 24.58658 2.84818 1.00110
31.18813 24.58658 2.84818 1.00110
31.18813 24.58658 2.84818 1.00110
31.19126 24.58658 2.84809 1.00110
31.19126 24.58658 2.84809 1.00110
31.19126 24.58658 2.84809 1.00110
31.19126 24.58658 2.84809 1.00110
31.79420 24.58658 2.82998 1.00110
31.79420 24.58658 2.82998 1.00110
31.79420 24.58658 2.82998 1.00110
31.79420 24.58658 2.82998 1.00110
31.79735 24.58658 2.83005 1.00110
31.79735 24.58658 2.83005 1.00110
31.79735 24.58658 2.83005 1.00110
31.79735 24.58658 2.83005 1.00110
32.40209 24.58658 2.80552 1.00110
32.40209 24.58658 2.80552 1.00110
32.40209 24.58658 2.80552 1.00110
32.40209 24.58658 2.80552 1.00110
32.40209 24.58658 2.80552 1.00110
32.40209 24.58658 2.80552 1.00110
32.40209 24.58658 2.80552 1.00110
32.40209 24.58658 2.80552 1.00110
32.40368 24.58658 2.80543 1.00110
32.40368 24.58658 2.80543 1.00110
32.40368 24.58658 2.80543 1.00110
32.40368 24.58658 2.80543 1.00110
32.40843 24.58658 2.80552 1.00110
32.40843 24.58658 2.80552 1.00110
32.40843 24.58658 2.80552 1.00110
32.40843 24.58658 2.80552 1.00110
32.41160 24.58658 2.80560 1.00110
32.41160 24.58658 2.80560 1.00110
32.41160 24.58658 2.80560 1.00110
32.41160 24.58658 2.80560 1.00110
32.41318 24.58658 2.80563 1.00110
32.41318 24.58658 2.80563 1.00110
32.41318 24.58658 2.80563 1.00110
32.41318 24.58658 2.80563 1.00110
33.01681 24.58658 2.77740 1.00110
33.01681 24.58658 2.77740 1.00110
33.01681 24.58658 2.77740 1.00110
33.01681 24.58658 2.77740 1.00110
33.01999 24.58658 2.77739 1.00110
33.01999 24.58658 2.77739 1.00110
33.01999 24.58658 2.77739 1.00110
33.01999 24.58658 2.77739 1.00110
33.02317 24.58658 2.77744 1.00110
33.02317 24.58658 2.77744 1.00110
33.02317 24.58658 2.77744 1.00110
33.02317 24.58658 2.77744 1.00110
33.02317 24.58658 2.77744 1.00110
33.02317 24.58658 2.77744 1.00110
33.02317 24.58658 2.77744 1.00110
33.02317 24.58658 2.77744 1.00110
33.62785 24.58658 2.74272 1.00110
33.62785 24.58658 2.74272 1.00110
33.62785 24.58658 2.74272 1.00110
33.62785 24.58658 2.74272 1.00110
33.62944 24.58658 2.74260 1.00110
33.62944 24.58658 2.74260 1.00110
33.62944 24.58658 2.74260 1.00110
33.62944 24.58658 2.74260 1.00110
33.62944 24.58658 2.74260 1.00110
33.62944 24.58658 2.74260 1.00110
33.62944 24.58658 2.74260 1.00110
33.62944 24.58658 2.74260 1.00110
33.62944 24.58658 2.74260 1.00110
33.62944 24.58658 2.74260 1.00110
33.62944 24.58658 2.74260 1.00110
33.62944 24.58658 2.74260 1.00110
33.63103 24.58658 2.74256 1.00110
33.63103 24.58658 2.74256 1.00110
33.63103 24.58658 2.74256 1.00110
33.63103 24.58658 2.74256 1.00110
33.63579 24.58658 2.74259 1.00110
33.63579 24.58658 2.74259 1.00110
33.63579 24.58658 2.74259 1.00110
33.63579 24.58658 2.74259 1.00110
33.63579 24.58658 2.74259 1.00110
33.63579 24.58658 2.74259 1.00110
33.63579 24.58658 2.74259 1.00110
33.63579 24.58658 2.74259 1.00110
34.23762 24.58658 2.70658 1.00110
34.23762 24.58658 2.70658 1.00110
34.23762 24.58658 2.70658 1.00110
34.23762 24.58658 2.70658 1.00110
34.23921 24.58658 2.70645 1.00110
34.23921 24.58658 2.70645 1.00110
34.23921 24.58658 2.70645 1.00110
34.23921 24.58658 2.70645 1.00110
34.23921 24.58658 2.70645 1.00110
34.23921 24.58658 2.70645 1.00110
34.23921 24.58658 2.70645 1.00110
34.23921 24.58658 2.70645 1.00110
34.24080 24.58658 2.70640 1.00110
34.24080 24.58658 2.70640 1.00110
34.24080 24.58658 2.70640 1.00110
34.24080 24.58658 2.70640 1.00110
34.24554 24.58658 2.70640 1.00110
34.24554 24.58658 2.70640 1.00110
34.24554 24.58658 2.70640 1.00110
34.24554 24.58658 2.70640 1.00110
34.24712 24.58658 2.70640 1.00110
34.24712 24.58658 2.70640 1.00110
34.24712 24.58658 2.70640 1.00110
34.24712 24.58658 2.70640 1.00110
34.84838 24.58658 2.66772 1.00110
34.84838 24.58658 2.66772 1.00110
34.84838 24.58658 2.66772 1.00110
34.84838 24.58658 2.66772 1.00110
34.85153 24.58658 2.66767 1.00110
34.85153 24.58658 2.66767 1.00110
34.85153 24.58658 2.66767 1.00110
34.85153 24.58658 2.66767 1.00110
34.85468 24.58658 2.66766 1.00110
34.85468 24.58658 2.66766 1.00110
34.85468 24.58658 2.66766 1.00110
34.85468 24.58658 2.66766 1.00110
35.46144 24.58658 2.62575 1.00110
35.46144 24.58658 2.62575 1.00110
35.46144 24.58658 2.62575 1.00110
35.46144 24.58658 2.62575 1.00110
35.46613 24.58658 2.62525 1.00110
35.46613 24.58658 2.62525 1.00110
35.46613 24.58658 2.62525 1.00110
35.46613 24.58658 2.62525 1.00110
35.46924 24.58658 2.62504 1.00110
35.46924 24.58658 2.62504 1.00110
35.46924 24.58658 2.62504 1.00110
35.46924 24.58658 2.62504 1.00110
36.05817 24.58658 2.57411 1.00110
36.05817 24.58658 2.57411 1.00110
36.05817 24.58658 2.57411 1.00110
36.05817 24.58658 2.57411 1.00110
36.05971 24.58658 2.57407 1.00110
36.05971 24.58658 2.57407 1.00110
36.05971 24.58658 2.57407 1.00110
36.05971 24.58658 2.57407 1.00110
36.06432 24.58658 2.57406 1.00110
36.06432 24.58658 2.57406 1.00110
36.06432 24.58658 2.57406 1.00110
36.06432 24.58658 2.57406 1.00110
36.64784 24.58658 2.53514 1.00110
36.64784 24.58658 2.53514 1.00110
36.64784 24.58658 2.53514 1.00110
36.64784 24.58658 2.53514 1.00110
36.64784 24.58658 2.53514 1.00110
36.64784 24.58658 2.53514 1.00110
36.64784 24.58658 2.53514 1.00110
36.64784 24.58658 2.53514 1.00110
36.64938 24.58658 2.53501 1.00110
36.64938 24.58658 2.53501 1.00110
36.64938 24.58658 2.53501 1.00110
36.64938 24.58658 2.53501 1.00110
36.65396 24.58658 2.53493 1.00110
36.65396 24.58658 2.53493 1.00110
36.65396 24.58658 2.53493 1.00110
36.65396 24.58658 2.53493 1.00110
36.65702 24.58658 2.53489 1.00110
36.65702 24.58658 2.53489 1.00110
36.65702 24.58658 2.53489 1.00110
36.65702 24.58658 2.53489 1.00110
36.66008 24.58658 2.53483 1.00110
36.66008 24.58658 2.53483 1.00110
36.66008 24.58658 2.53483 1.00110
36.66008 24.58658 2.53483 1.00110
37.24739 24.58658 2.49134 1.00110
37.24739 24.58658 2.49134 1.00110
37.24739 24.58658 2.49134 1.00110
37.24739 24.58658 2.49134 1.00110
37.25042 24.58658 2.49119 1.00110
37.25042 24.58658 2.49119 1.00110
37.25042 24.58658 2.49119 1.00110
37.25042 24.58658 2.49119 1.00110
37.82809 24.58658 2.44871 1.00110
37.82809 24.58658 2.44871 1.00110
37.82809 24.58658 2.44871 1.00110
37.82809 24.58658 2.44871 1.00110
37.83108 24.58658 2.44854 1.00110
37.83108 24.58658 2.44854 1.00110
37.83108 24.58658 2.44854 1.00110
37.83108 24.58658 2.44854 1.00110
37.83257 24.58658 2.44852 1.00110
37.83257 24.58658 2.44852 1.00110
37.83257 24.58658 2.44852 1.00110
37.83257 24.58658 2.44852 1.00110
37.83705 24.58658 2.44848 1.00110
37.83705 24.58658 2.44848 1.00110
37.83705 24.58658 2.44848 1.00110
37.83705 24.58658 2.44848 1.00110
37.84004 24.58658 2.44843 1.00110
37.84004 24.58658 2.44843 1.00110
37.84004 24.58658 2.44843 1.00110
37.84004 24.58658 2.44843 1.00110
38.40470 24.58658 2.40645 1.00110
38.40470 24.58658 2.40645 1.00110
38.40470 24.58658 2.40645 1.00110
38.40470 24.58658 2.40645 1.00110
38.40617 24.58658 2.40641 1.00110
38.40617 24.58658 2.40641 1.00110
38.40617 24.58658 2.40641 1.00110
38.40617 24.58658 2.40641 1.00110
38.41059 24.58658 2.40640 1.00110
38.41059 24.58658 2.40640 1.00110
38.41059 24.58658 2.40640 1.00110
38.41059 24.58658 2.40640 1.00110
38.96881 24.58658 2.36726 1.00110
38.96881 24.58658 2.36726 1.00110
38.96881 24.58658 2.36726 1.00110
38.96881 24.58658 2.36726 1.00110
38.97173 24.58658 2.36718 1.00110
38.97173 24.58658 2.36718 1.00110
38.97173 24.58658 2.36718 1.00110
38.97173 24.58658 2.36718 1.00110
38.97464 24.58658 2.36714 1.00110
38.97464 24.58658 2.36714 1.00110
38.97464 24.58658 2.36714 1.00110
38.97464 24.58658 2.36714 1.00110
39.52656 24.58658 2.32566 1.00110
39.52656 24.58658 2.32566 1.00110
39.52656 24.58658 2.32566 1.00110
39.52656 24.58658 2.32566 1.00110
39.52944 24.58658 2.32557 1.00110
39.52944 24.58658 2.32557 1.00110
39.52944 24.58658 2.32557 1.00110
39.52944 24.58658 2.32557 1.00110
39.53232 24.58658 2.32552 1.00110
39.53232 24.58658 2.32552 1.00110
39.53232 24.58658 2.32552 1.00110
39.53232 24.58658 2.32552 1.00110
40.07642 24.58658 2.28597 1.00110
40.07642 24.58658 2.28597 1.00110
40.07642 24.58658 2.28597 1.00110
40.07642 24.58658 2.28597 1.00110
40.07926 24.58658 2.28589 1.00110
40.07926 24.58658 2.28589 1.00110
40.07926 24.58658 2.28589 1.00110
40.07926 24.58658 2.28589 1.00110
40.08210 24.58658 2.28584 1.00110
40.08210 24.58658 2.28584 1.00110
40.08210 24.58658 2.28584 1.00110
40.08210 24.58658 2.28584 1.00110
40.08494 24.58658 2.28577 1.00110
40.08494 24.58658 2.28577 1.00110
40.08494 24.58658 2.28577 1.00110
40.08494 24.58658 2.28577 1.00110
40.62157 24.58658 2.24583 1.00110
40.62157 24.58658 2.24583 1.00110
40.62157 24.58658 2.24583 1.00110
40.62157 24.58658 2.24583 1.00110
40.62438 24.58658 2.24567 1.00110
40.62438 24.58658 2.24567 1.00110
40.62438 24.58658 2.24567 1.00110
40.62438 24.58658 2.24567 1.00110
40.62717 24.58658 2.24565 1.00110
40.62717 24.58658 2.24565 1.00110
40.62717 24.58658 2.24565 1.00110
40.62717 24.58658 2.24565 1.00110
40.62717 24.58658 2.24565 1.00110
40.62717 24.58658 2.24565 1.00110
40.62717 24.58658 2.24565 1.00110
40.62717 24.58658 2.24565 1.00110
40.62717 24.58658 2.24565 1.00110
40.62717 24.58658 2.24565 1.00110
40.62717 24.58658 2.24565 1.00110
40.62717 24.58658 2.24565 1.00110
40.62717 24.58658 2.24565 1.00110
40.62717 24.58658 2.24565 1.00110
40.62717 24.58658 2.24565 1.00110
40.62717 24.58658 2.24565 1.00110
40.62857 24.58658 2.24565 1.00110
40.62857 24.58658 2.24565 1.00110
40.62857 24.58658 2.24565 1.00110
40.62857 24.58658 2.24565 1.00110
40.63276 24.58658 2.24559 1.00110
40.63276 24.58658 2.24559 1.00110
40.63276 24.58658 2.24559 1.00110
40.63276 24.58658 2.24559 1.00110
41.16207 24.58658 2.20771 1.00110
41.16207 24.58658 2.20771 1.00110
41.16207 24.58658 2.20771 1.00110
41.16207 24.58658 2.20771 1.00110
41.16346 24.58658 2.20759 1.00110
41.16346 24.58658 2.20759 1.00110
41.16346 24.58658 2.20759 1.00110
41.16346 24.58658 2.20759 1.00110
41.16759 24.58658 2.20752 1.00110
41.16759 24.58658 2.20752 1.00110
41.16759 24.58658 2.20752 1.00110
41.16759 24.58658 2.20752 1.00110
41.16759 24.58658 2.20752 1.00110
41.16759 24.58658 2.20752 1.00110
41.16759 24.58658 2.20752 1.00110
41.16759 24.58658 2.20752 1.00110
41.69133 24.58658 2.17040 1.00110
41.69133 24.58658 2.17040 1.00110
41.69133 24.58658 2.17040 1.00110
41.69133 24.58658 2.17040 1.00110
41.69406 24.58658 2.17024 1.00110
41.69406 24.58658 2.17024 1.00110
41.69406 24.58658 2.17024 1.00110
41.69406 24.58658 2.17024 1.00110
41.69678 24.58658 2.17022 1.00110
41.69678 24.58658 2.17022 1.00110
41.69678 24.58658 2.17022 1.00110
41.69678 24.58658 2.17022 1.00110
42.21209 24.58658 2.13619 1.00110
42.21209 24.58658 2.13619 1.00110
42.21209 24.58658 2.13619 1.00110
42.21209 24.58658 2.13619 1.00110
42.21477 24.58658 2.13616 1.00110
42.21477 24.58658 2.13616 1.00110
42.21477 24.58658 2.13616 1.00110
42.21477 24.58658 2.13616 1.00110
42.72419 24.58658 2.10398 1.00110
42.72419 24.58658 2.10398 1.00110
42.72419 24.58658 2.10398 1.00110
42.72419 24.58658 2.10398 1.00110
42.72684 24.58658 2.10393 1.00110
42.72684 24.58658 2.10393 1.00110
42.72684 24.58658 2.10393 1.00110
42.72684 24.58658 2.10393 1.00110
43.22975 24.58658 2.07219 1.00110
43.22975 24.58658 2.07219 1.00110
43.22975 24.58658 2.07219 1.00110
43.22975 24.58658 2.07219 1.00110
43.23238 24.58658 2.07208 1.00110
43.23238 24.58658 2.07208 1.00110
43.23238 24.58658 2.07208 1.00110
43.23238 24.58658 2.07208 1.00110
43.23238 24.58658 2.07208 1.00110
43.23238 24.58658 2.07208 1.00110
43.23238 24.58658 2.07208 1.00110
43.23238 24.58658 2.07208 1.00110
43.23630 24.58658 2.07210 1.00110
43.23630 24.58658 2.07210 1.00110
43.23630 24.58658 2.07210 1.00110
43.23630 24.58658 2.07210 1.00110
43.23891 24.58658 2.07210 1.00110
43.23891 24.58658 2.07210 1.00110
43.23891 24.58658 2.07210 1.00110
43.23891 24.58658 2.07210 1.00110
43.23891 24.58658 2.07210 1.00110
43.23891 24.58658 2.07210 1.00110
43.23891 24.58658 2.07210 1.00110
43.23891 24.58658 2.07210 1.00110
43.73672 24.58658 2.04110 1.00110
43.73672 24.58658 2.04110 1.00110
43.73672 24.58658 2.04110 1.00110
43.73672 24.58658 2.04110 1.00110
43.73930 24.58658 2.04107 1.00110
43.73930 24.58658 2.04107 1.00110
43.73930 24.58658 2.04107 1.00110
43.73930 24.58658 2.04107 1.00110
44.22973 24.58658 2.01317 1.00110
44.22973 24.58658 2.01317 1.00110
44.22973 24.58658 2.01317 1.00110
44.22973 24.58658 2.01317 1.00110
44.23102 24.58658 2.01310 1.00110
44.23102 24.58658 2.01310 1.00110
44.23102 24.58658 2.01310 1.00110
44.23102 24.58658 2.01310 1.00110
44.23484 24.58658 2.01312 1.00110
44.23484 24.58658 2.01312 1.00110
44.23484 24.58658 2.01312 1.00110
44.23484 24.58658 2.01312 1.00110
44.23484 24.58658 2.01312 1.00110
44.23484 24.58658 2.01312 1.00110
44.23484 24.58658 2.01312 1.00110
44.23484 24.58658 2.01312 1.00110
44.23866 24.58658 2.01316 1.00110
44.23866 24.58658 2.01316 1.00110
44.23866 24.58658 2.01316 1.00110
44.23866 24.58658 2.01316 1.00110
44.72781 24.58658 1.98287 1.00110
44.72781 24.58658 1.98287 1.00110
44.72781 24.58658 1.98287 1.00110
44.72781 24.58658 1.98287 1.00110
44.73933 24.58658 1.98106 1.00110
44.73933 24.58658 1.98106 1.00110
44.73933 24.58658 1.98106 1.00110
44.73933 24.58658 1.98106 1.00110
44.74058 24.58658 1.98098 1.00110
44.74058 24.58658 1.98098 1.00110
44.74058 24.58658 1.98098 1.00110
44.74058 24.58658 1.98098 1.00110
44.74431 24.58658 1.98082 1.00110
44.74431 24.58658 1.98082 1.00110
44.74431 24.58658 1.98082 1.00110
44.74431 24.58658 1.98082 1.00110
45.21794 24.58658 1.94944 1.00110
45.21794 24.58658 1.94944 1.00110
45.21794 24.58658 1.94944 1.00110
45.21794 24.58658 1.94944 1.00110
45.22042 24.58658 1.94938 1.00110
45.22042 24.58658 1.94938 1.00110
45.22042 24.58658 1.94938 1.00110
45.22042 24.58658 1.94938 1.00110
45.68966 24.58658 1.92678 1.00110
45.68966 24.58658 1.92678 1.00110
45.68966 24.58658 1.92678 1.00110
45.68966 24.58658 1.92678 1.00110
45.69212 24.58658 1.92672 1.00110
45.69212 24.58658 1.92672 1.00110
45.69212 24.58658 1.92672 1.00110
45.69212 24.58658 1.92672 1.00110
46.16540 24.58658 1.90490 1.00110
46.16540 24.58658 1.90490 1.00110
46.16540 24.58658 1.90490 1.00110
46.16540 24.58658 1.90490 1.00110
46.16901 24.58658 1.90468 1.00110
46.16901 24.58658 1.90468 1.00110
46.16901 24.58658 1.90468 1.00110
46.16901 24.58658 1.90468 1.00110
46.17021 24.58658 1.90462 1.00110
46.17021 24.58658 1.90462 1.00110
46.17021 24.58658 1.90462 1.00110
46.17021 24.58658 1.90462 1.00110
46.62701 24.58658 1.87650 1.00110
46.62701 24.58658 1.87650 1.00110
46.62701 24.58658 1.87650 1.00110
46.62701 24.58658 1.87650 1.00110
46.62939 24.58658 1.87645 1.00110
46.62939 24.58658 1.87645 1.00110
46.62939 24.58658 1.87645 1.00110
46.62939 24.58658 1.87645 1.00110
47.08039 24.58658 1.85962 1.00110
47.08039 24.58658 1.85962 1.00110
47.08039 24.58658 1.85962 1.00110
47.08039 24.58658 1.85962 1.00110
47.08039 24.58658 1.85962 1.00110
47.08039 24.58658 1.85962 1.00110
47.08039 24.58658 1.85962 1.00110
47.08039 24.58658 1.85962 1.00110
47.08393 24.58658 1.85964 1.00110
47.08393 24.58658 1.85964 1.00110
47.08393 24.58658 1.85964 1.00110
47.08393 24.58658 1.85964 1.00110
47.53123 24.58658 1.84072 1.00110
47.53123 24.58658 1.84072 1.00110
47.53123 24.58658 1.84072 1.00110
47.53123 24.58658 1.84072 1.00110
47.53357 24.58658 1.84069 1.00110
47.53357 24.58658 1.84069 1.00110
47.53357 24.58658 1.84069 1.00110
47.53357 24.58658 1.84069 1.00110
47.53587 24.58658 1.84077 1.00110
47.53587 24.58658 1.84077 1.00110
47.53587 24.58658 1.84077 1.00110
47.53587 24.58658 1.84077 1.00110
47.53818 24.58658 1.84085 1.00110
47.53818 24.58658 1.84085 1.00110
47.53818 24.58658 1.84085 1.00110
47.53818 24.58658 1.84085 1.00110
47.97888 24.58658 1.82424 1.00110
47.97888 24.58658 1.82424 1.00110
47.97888 24.58658 1.82424 1.00110
47.97888 24.58658 1.82424 1.00110
47.97888 24.58658 1.82424 1.00110
47.97888 24.58658 1.82424 1.00110
47.97888 24.58658 1.82424 1.00110
47.97888 24.58658 1.82424 1.00110
47.97888 24.58658 1.82424 1.00110
47.97888 24.58658 1.82424 1.00110
47.97888 24.58658 1.82424 1.00110
47.97888 24.58658 1.82424 1.00110
47.98234 24.58658 1.82425 1.00110
47.98234 24.58658 1.82425 1.00110
47.98234 24.58658 1.82425 1.00110
47.98234 24.58658 1.82425 1.00110
48.41989 24.58658 1.80915 1.00110
48.41989 24.58658 1.80915 1.00110
48.41989 24.58658 1.80915 1.00110
48.41989 24.58658 1.80915 1.00110
48.42219 24.58658 1.80914 1.00110
48.42219 24.58658 1.80914 1.00110
48.42219 24.58658 1.80914 1.00110
48.42219 24.58658 1.80914 1.00110
48.42445 24.58658 1.80923 1.00110
48.42445 24.58658 1.80923 1.00110
48.42445 24.58658 1.80923 1.00110
48.42445 24.58658 1.80923 1.00110
48.42671 24.58658 1.80931 1.00110
48.42671 24.58658 1.80931 1.00110
48.42671 24.58658 1.80931 1.00110
48.42671 24.58658 1.80931 1.00110
48.85996 24.58658 1.79354 1.00110
48.85996 24.58658 1.79354 1.00110
48.85996 24.58658 1.79354 1.00110
48.85996 24.58658 1.79354 1.00110
48.86221 24.58658 1.79360 1.00110
48.86221 24.58658 1.79360 1.00110
48.86221 24.58658 1.79360 1.00110
48.86221 24.58658 1.79360 1.00110
48.86445 24.58658 1.79368 1.00110
48.86445 24.58658 1.79368 1.00110
48.86445 24.58658 1.79368 1.00110
48.86445 24.58658 1.79368 1.00110
48.86669 24.58658 1.79374 1.00110
48.86669 24.58658 1.79374 1.00110
48.86669 24.58658 1.79374 1.00110
48.86669 24.58658 1.79374 1.00110
49.29472 24.58658 1.77670 1.00110
49.29472 24.58658 1.77670 1.00110
49.29472 24.58658 1.77670 1.00110
49.29472 24.58658 1.77670 1.00110
49.29583 24.58658 1.77672 1.00110
49.29583 24.58658 1.77672 1.00110
49.29583 24.58658 1.77672 1.00110
49.29583 24.58658 1.77672 1.00110
49.72844 24.58658 1.76108 1.00110
49.72844 24.58658 1.76108 1.00110
49.72844 24.58658 1.76108 1.00110
49.72844 24.58658 1.76108 1.00110
49.72953 24.58658 1.76111 1.00110
49.72953 24.58658 1.76111 1.00110
49.72953 24.58658 1.76111 1.00110
49.72953 24.58658 1.76111 1.00110
49.73280 24.58658 1.76126 1.00110
49.73280 24.58658 1.76126 1.00110
49.73280 24.58658 1.76126 1.00110
49.73280 24.58658 1.76126 1.00110
50.14930 24.58658 1.74488 1.00110
50.14930 24.58658 1.74488 1.00110
50.14930 24.58658 1.74488 1.00110
50.14930 24.58658 1.74488 1.00110
50.15146 24.58658 1.74494 1.00110
50.15146 24.58658 1.74494 1.00110
50.15146 24.58658 1.74494 1.00110
50.15146 24.58658 1.74494 1.00110
50.56252 24.58658 1.73191 1.00110
50.56252 24.58658 1.73191 1.00110
50.56252 24.58658 1.73191 1.00110
50.56252 24.58658 1.73191 1.00110
50.56359 24.58658 1.73192 1.00110
50.56359 24.58658 1.73192 1.00110
50.56359 24.58658 1.73192 1.00110
50.56359 24.58658 1.73192 1.00110
50.56678 24.58658 1.73202 1.00110
50.56678 24.58658 1.73202 1.00110
50.56678 24.58658 1.73202 1.00110
50.56678 24.58658 1.73202 1.00110
50.97781 24.58658 1.71652 1.00110
50.97781 24.58658 1.71652 1.00110
50.97781 24.58658 1.71652 1.00110
50.97781 24.58658 1.71652 1.00110
50.97991 24.58658 1.71658 1.00110
50.97991 24.58658 1.71658 1.00110
50.97991 24.58658 1.71658 1.00110
50.97991 24.58658 1.71658 1.00110
51.37917 24.58658 1.70165 1.00110
51.37917 24.58658 1.70165 1.00110
51.37917 24.58658 1.70165 1.00110
51.37917 24.58658 1.70165 1.00110
51.38230 24.58658 1.70163 1.00110
51.38230 24.58658 1.70163 1.00110
51.38230 24.58658 1.70163 1.00110
51.38230 24.58658 1.70163 1.00110
51.38436 24.58658 1.70171 1.00110
51.38436 24.58658 1.70171 1.00110
51.38436 24.58658 1.70171 1.00110
51.38436 24.58658 1.70171 1.00110
51.38642 24.58658 1.70179 1.00110
51.38642 24.58658 1.70179 1.00110
51.38642 24.58658 1.70179 1.00110
51.38642 24.58658 1.70179 1.00110
51.79005 24.58658 1.68317 1.00110
51.79005 24.58658 1.68317 1.00110
51.79005 24.58658 1.68317 1.00110
51.79005 24.58658 1.68317 1.00110
51.79208 24.58658 1.68295 1.00110
51.79208 24.58658 1.68295 1.00110
51.79208 24.58658 1.68295 1.00110
51.79208 24.58658 1.68295 1.00110
52.16915 24.58658 1.65943 1.00110
52.16915 24.58658 1.65943 1.00110
52.16915 24.58658 1.65943 1.00110
52.16915 24.58658 1.65943 1.00110
52.17808 24.58658 1.65947 1.00110
52.17808 24.58658 1.65947 1.00110
52.17808 24.58658 1.65947 1.00110
52.17808 24.58658 1.65947 1.00110
52.55121 24.58658 1.64880 1.00110
52.55121 24.58658 1.64880 1.00110
52.55121 24.58658 1.64880 1.00110
52.55121 24.58658 1.64880 1.00110
52.55315 24.58658 1.64879 1.00110
52.55315 24.58658 1.64879 1.00110
52.55315 24.58658 1.64879 1.00110
52.55315 24.58658 1.64879 1.00110
52.55508 24.58658 1.64888 1.00110
52.55508 24.58658 1.64888 1.00110
52.55508 24.58658 1.64888 1.00110
52.55508 24.58658 1.64888 1.00110
52.92111 24.58658 1.63703 1.00110
52.92111 24.58658 1.63703 1.00110
52.92111 24.58658 1.63703 1.00110
52.92111 24.58658 1.63703 1.00110
52.92399 24.58658 1.63698 1.00110
52.92399 24.58658 1.63698 1.00110
52.92399 24.58658 1.63698 1.00110
52.92399 24.58658 1.63698 1.00110
53.28618 24.58658 1.62167 1.00110
53.28618 24.58658 1.62167 1.00110
53.28618 24.58658 1.62167 1.00110
53.28618 24.58658 1.62167 1.00110
53.28618 24.58658 1.62167 1.00110
53.28618 24.58658 1.62167 1.00110
53.28618 24.58658 1.62167 1.00110
53.28618 24.58658 1.62167 1.00110
53.28712 24.58658 1.62169 1.00110
53.28712 24.58658 1.62169 1.00110
53.28712 24.58658 1.62169 1.00110
53.28712 24.58658 1.62169 1.00110
53.28991 24.58658 1.62180 1.00110
53.28991 24.58658 1.62180 1.00110
53.28991 24.58658 1.62180 1.00110
53.28991 24.58658 1.62180 1.00110
53.29177 24.58658 1.62185 1.00110
53.29177 24.58658 1.62185 1.00110
53.29177 24.58658 1.62185 1.00110
53.29177 24.58658 1.62185 1.00110
53.64610 24.58658 1.60758 1.00110
53.64610 24.58658 1.60758 1.00110
53.64610 24.58658 1.60758 1.00110
53.64610 24.58658 1.60758 1.00110
53.64702 24.58658 1.60760 1.00110
53.64702 24.58658 1.60760 1.00110
53.64702 24.58658 1.60760 1.00110
53.64702 24.58658 1.60760 1.00110
53.64976 24.58658 1.60771 1.00110
53.64976 24.58658 1.60771 1.00110
53.64976 24.58658 1.60771 1.00110
53.64976 24.58658 1.60771 1.00110
54.00135 24.58658 1.59269 1.00110
54.00135 24.58658 1.59269 1.00110
54.00135 24.58658 1.59269 1.00110
54.00135 24.58658 1.59269 1.00110
54.00406 24.58658 1.59268 1.00110
54.00406 24.58658 1.59268 1.00110
54.00406 24.58658 1.59268 1.00110
54.00406 24.58658 1.59268 1.00110
54.00406 24.58658 1.59268 1.00110
54.00406 24.58658 1.59268 1.00110
54.00406 24.58658 1.59268 1.00110
54.00406 24.58658 1.59268 1.00110
54.00584 24.58658 1.59277 1.00110
54.00584 24.58658 1.59277 1.00110
54.00584 24.58658 1.59277 1.00110
54.00584 24.58658 1.59277 1.00110
54.34740 24.58658 1.57946 1.00110
54.34740 24.58658 1.57946 1.00110
54.34740 24.58658 1.57946 1.00110
54.34740 24.58658 1.57946 1.00110
54.34917 24.58658 1.57945 1.00110
54.34917 24.58658 1.57945 1.00110
54.34917 24.58658 1.57945 1.00110
54.34917 24.58658 1.57945 1.00110
54.35094 24.58658 1.57953 1.00110
54.35094 24.58658 1.57953 1.00110
54.35094 24.58658 1.57953 1.00110
54.35094 24.58658 1.57953 1.00110
54.69455 24.58658 1.56899 1.00110
54.69455 24.58658 1.56899 1.00110
54.69455 24.58658 1.56899 1.00110
54.69455 24.58658 1.56899 1.00110
54.69628 24.58658 1.56910 1.00110
54.69628 24.58658 1.56910 1.00110
54.69628 24.58658 1.56910 1.00110
54.69628 24.58658 1.56910 1.00110
54.69714 24.58658 1.56915 1.00110
54.69714 24.58658 1.56915 1.00110
54.69714 24.58658 1.56915 1.00110
54.69714 24.58658 1.56915 1.00110
55.02670 24.58658 1.55660 1.00110
55.02670 24.58658 1.55660 1.00110
55.02670 24.58658 1.55660 1.00110
55.02670 24.58658 1.55660 1.00110
55.02842 24.58658 1.55660 1.00110
55.02842 24.58658 1.55660 1.00110
55.02842 24.58658 1.55660 1.00110
55.02842 24.58658 1.55660 1.00110
55.03012 24.58658 1.55668 1.00110
55.03012 24.58658 1.55668 1.00110
55.03012 24.58658 1.55668 1.00110
55.03012 24.58658 1.55668 1.00110
55.35402 24.58658 1.54452 1.00110
55.35402 24.58658 1.54452 1.00110
55.35402 24.58658 1.54452 1.00110
55.35402 24.58658 1.54452 1.00110
55.67413 24.58658 1.53514 1.00110
55.67413 24.58658 1.53514 1.00110
55.67413 24.58658 1.53514 1.00110
55.67413 24.58658 1.53514 1.00110
55.67662 24.58658 1.53513 1.00110
55.67662 24.58658 1.53513 1.00110
55.67662 24.58658 1.53513 1.00110
55.67662 24.58658 1.53513 1.00110
55.99469 24.58658 1.52542 1.00110
55.99469 24.58658 1.52542 1.00110
55.99469 24.58658 1.52542 1.00110
55.99469 24.58658 1.52542 1.00110
55.99469 24.58658 1.52542 1.00110
55.99469 24.58658 1.52542 1.00110
55.99469 24.58658 1.52542 1.00110
55.99469 24.58658 1.52542 1.00110
55.99632 24.58658 1.52548 1.00110
55.99632 24.58658 1.52548 1.00110
55.99632 24.58658 1.52548 1.00110
55.99632 24.58658 1.52548 1.00110
55.99632 24.58658 1.52548 1.00110
55.99632 24.58658 1.52548 1.00110
55.99632 24.58658 1.52548 1.00110
55.99632 24.58658 1.52548 1.00110
55.99713 24.58658 1.52551 1.00110
55.99713 24.58658 1.52551 1.00110
55.99713 24.58658 1.52551 1.00110
55.99713 24.58658 1.52551 1.00110
55.99957 24.58658 1.52555 1.00110
55.99957 24.58658 1.52555 1.00110
55.99957 24.58658 1.52555 1.00110
55.99957 24.58658 1.52555 1.00110
56.30927 24.58658 1.51243 1.00110
56.30927 24.58658 1.51243 1.00110
56.30927 24.58658 1.51243 1.00110
56.30927 24.58658 1.51243 1.00110
56.31168 24.58658 1.51244 1.00110
56.31168 24.58658 1.51244 1.00110
56.31168 24.58658 1.51244 1.00110
56.31168 24.58658 1.51244 1.00110
56.61468 24.58658 1.50314 1.00110
56.61468 24.58658 1.50314 1.00110
56.61468 24.58658 1.50314 1.00110
56.61468 24.58658 1.50314 1.00110
56.61468 24.58658 1.50314 1.00110
56.61468 24.58658 1.50314 1.00110
56.61468 24.58658 1.50314 1.00110
56.61468 24.58658 1.50314 1.00110
56.61547 24.58658 1.50313 1.00110
56.61547 24.58658 1.50313 1.00110
56.61547 24.58658 1.50313 1.00110
56.61547 24.58658 1.50313 1.00110
56.61783 24.58658 1.50325 1.00110
56.61783 24.58658 1.50325 1.00110
56.61783 24.58658 1.50325 1.00110
56.61783 24.58658 1.50325 1.00110
56.91678 24.58658 1.49289 1.00110
56.91678 24.58658 1.49289 1.00110
56.91678 24.58658 1.49289 1.00110
56.91678 24.58658 1.49289 1.00110
56.91834 24.58658 1.49288 1.00110
56.91834 24.58658 1.49288 1.00110
56.91834 24.58658 1.49288 1.00110
56.91834 24.58658 1.49288 1.00110
57.21680 24.58658 1.48350 1.00110
57.21680 24.58658 1.48350 1.00110
57.21680 24.58658 1.48350 1.00110
57.21680 24.58658 1.48350 1.00110
57.21832 24.58658 1.48359 1.00110
57.21832 24.58658 1.48359 1.00110
57.21832 24.58658 1.48359 1.00110
57.21832 24.58658 1.48359 1.00110
57.21983 24.58658 1.48368 1.00110
57.21983 24.58658 1.48368 1.00110
57.21983 24.58658 1.48368 1.00110
57.21983 24.58658 1.48368 1.00110
57.50793 24.58658 1.47382 1.00110
57.50793 24.58658 1.47382 1.00110
57.50793 24.58658 1.47382 1.00110
57.50793 24.58658 1.47382 1.00110
57.50793 24.58658 1.47382 1.00110
57.50793 24.58658 1.47382 1.00110
57.50793 24.58658 1.47382 1.00110
57.50793 24.58658 1.47382 1.00110
57.51019 24.58658 1.47385 1.00110
57.51019 24.58658 1.47385 1.00110
57.51019 24.58658 1.47385 1.00110
57.51019 24.58658 1.47385 1.00110
57.79728 24.58658 1.46316 1.00110
57.79728 24.58658 1.46316 1.00110
57.79728 24.58658 1.46316 1.00110
57.79728 24.58658 1.46316 1.00110
57.79728 24.58658 1.46316 1.00110
57.79728 24.58658 1.46316 1.00110
57.79728 24.58658 1.46316 1.00110
57.79728 24.58658 1.46316 1.00110
57.80023 24.58658 1.46321 1.00110
57.80023 24.58658 1.46321 1.00110
57.80023 24.58658 1.46321 1.00110
57.80023 24.58658 1.46321 1.00110
58.07959 24.58658 1.45421 1.00110
58.07959 24.58658 1.45421 1.00110
58.07959 24.58658 1.45421 1.00110
58.07959 24.58658 1.45421 1.00110
58.08104 24.58658 1.45422 1.00110
58.08104 24.58658 1.45422 1.00110
58.08104 24.58658 1.45422 1.00110
58.08104 24.58658 1.45422 1.00110
58.36321 24.58658 1.44562 1.00110
58.36321 24.58658 1.44562 1.00110
58.36321 24.58658 1.44562 1.00110
58.36321 24.58658 1.44562 1.00110
58.36463 24.58658 1.44571 1.00110
58.36463 24.58658 1.44571 1.00110
58.36463 24.58658 1.44571 1.00110
58.36463 24.58658 1.44571 1.00110
58.36605 24.58658 1.44581 1.00110
58.36605 24.58658 1.44581 1.00110
58.36605 24.58658 1.44581 1.00110
58.36605 24.58658 1.44581 1.00110
58.63590 24.58658 1.43504 1.00110
58.63590 24.58658 1.43504 1.00110
58.63590 24.58658 1.43504 1.00110
58.63590 24.58658 1.43504 1.00110
58.63731 24.58658 1.43506 1.00110
58.63731 24.58658 1.43506 1.00110
58.63731 24.58658 1.43506 1.00110
58.63731 24.58658 1.43506 1.00110
58.90329 24.58658 1.42602 1.00110
58.90329 24.58658 1.42602 1.00110
58.90329 24.58658 1.42602 1.00110
58.90329 24.58658 1.42602 1.00110
58.90329 24.58658 1.42602 1.00110
58.90329 24.58658 1.42602 1.00110
58.90329 24.58658 1.42602 1.00110
58.90329 24.58658 1.42602 1.00110
58.90535 24.58658 1.42608 1.00110
58.90535 24.58658 1.42608 1.00110
58.90535 24.58658 1.42608 1.00110
58.90535 24.58658 1.42608 1.00110
59.16950 24.58658 1.41725 1.00110
59.16950 24.58658 1.41725 1.00110
59.16950 24.58658 1.41725 1.00110
59.16950 24.58658 1.41725 1.00110
59.17085 24.58658 1.41727 1.00110
59.17085 24.58658 1.41727 1.00110
59.17085 24.58658 1.41727 1.00110
59.17085 24.58658 1.41727 1.00110
59.17219 24.58658 1.41737 1.00110
59.17219 24.58658 1.41737 1.00110
59.17219 24.58658 1.41737 1.00110
59.17219 24.58658 1.41737 1.00110
59.42862 24.58658 1.40761 1.00110
59.42862 24.58658 1.40761 1.00110
59.42862 24.58658 1.40761 1.00110
59.42862 24.58658 1.40761 1.00110
59.42994 24.58658 1.40768 1.00110
59.42994 24.58658 1.40768 1.00110
59.42994 24.58658 1.40768 1.00110
59.42994 24.58658 1.40768 1.00110
59.68849 24.58658 1.39985 1.00110
59.68849 24.58658 1.39985 1.00110
59.68849 24.58658 1.39985 1.00110
59.68849 24.58658 1.39985 1.00110
59.68914 24.58658 1.39989 1.00110
59.68914 24.58658 1.39989 1.00110
59.68914 24.58658 1.39989 1.00110
59.68914 24.58658 1.39989 1.00110
59.69108 24.58658 1.40003 1.00110
59.69108 24.58658 1.40003 1.00110
59.69108 24.58658 1.40003 1.00110
59.69108 24.58658 1.40003 1.00110
59.93798 24.58658 1.39007 1.00110
59.93798 24.58658 1.39007 1.00110
59.93798 24.58658 1.39007 1.00110
59.93798 24.58658 1.39007 1.00110
59.93926 24.58658 1.39014 1.00110
59.93926 24.58658 1.39014 1.00110
59.93926 24.58658 1.39014 1.00110
59.93926 24.58658 1.39014 1.00110
60.18187 24.58658 1.38219 1.00110
60.18187 24.58658 1.38219 1.00110
60.18187 24.58658 1.38219 1.00110
60.18187 24.58658 1.38219 1.00110
60.18312 24.58658 1.38226 1.00110
60.18312 24.58658 1.38226 1.00110
60.18312 24.58658 1.38226 1.00110
60.18312 24.58658 1.38226 1.00110
60.42128 24.58658 1.37284 1.00110
60.42128 24.58658 1.37284 1.00110
60.42128 24.58658 1.37284 1.00110
60.42128 24.58658 1.37284 1.00110
60.42313 24.58658 1.37288 1.00110
60.42313 24.58658 1.37288 1.00110
60.42313 24.58658 1.37288 1.00110
60.42313 24.58658 1.37288 1.00110
60.65651 24.58658 1.36422 1.00110
60.65651 24.58658 1.36422 1.00110
60.65651 24.58658 1.36422 1.00110
60.65651 24.58658 1.36422 1.00110
60.65773 24.58658 1.36422 1.00110
60.65773 24.58658 1.36422 1.00110
60.65773 24.58658 1.36422 1.00110
60.65773 24.58658 1.36422 1.00110
60.65893 24.58658 1.36429 1.00110
60.65893 24.58658 1.36429 1.00110
60.65893 24.58658 1.36429 1.00110
60.65893 24.58658 1.36429 1.00110
60.88725 24.58658 1.35639 1.00110
60.88725 24.58658 1.35639 1.00110
60.88725 24.58658 1.35639 1.00110
60.88725 24.58658 1.35639 1.00110
61.11275 24.58658 1.34861 1.00110
61.11275 24.58658 1.34861 1.00110
61.11275 24.58658 1.34861 1.00110
61.11275 24.58658 1.34861 1.00110
61.11392 24.58658 1.34862 1.00110
61.11392 24.58658 1.34862 1.00110
61.11392 24.58658 1.34862 1.00110
61.11392 24.58658 1.34862 1.00110
61.34010 24.58658 1.34143 1.00110
61.34010 24.58658 1.34143 1.00110
61.34010 24.58658 1.34143 1.00110
61.34010 24.58658 1.34143 1.00110
61.34180 24.58658 1.34152 1.00110
61.34180 24.58658 1.34152 1.00110
61.34180 24.58658 1.34152 1.00110
61.34180 24.58658 1.34152 1.00110
61.34293 24.58658 1.34161 1.00110
61.34293 24.58658 1.34161 1.00110
61.34293 24.58658 1.34161 1.00110
61.34293 24.58658 1.34161 1.00110
61.56622 24.58658 1.32880 1.00110
61.56622 24.58658 1.32880 1.00110
61.56622 24.58658 1.32880 1.00110
61.56622 24.58658 1.32880 1.00110
61.77141 24.58658 1.31524 1.00110
61.77141 24.58658 1.31524 1.00110
61.77141 24.58658 1.31524 1.00110
61.77141 24.58658 1.31524 1.00110
61.77247 24.58658 1.31526 1.00110
61.77247 24.58658 1.31526 1.00110
61.77247 24.58658 1.31526 1.00110
61.77247 24.58658 1.31526 1.00110
61.77351 24.58658 1.31535 1.00110
61.77351 24.58658 1.31535 1.00110
61.77351 24.58658 1.31535 1.00110
61.77351 24.58658 1.31535 1.00110
61.97460 24.58658 1.30866 1.00110
61.97460 24.58658 1.30866 1.00110
61.97460 24.58658 1.30866 1.00110
61.97460 24.58658 1.30866 1.00110
61.97616 24.58658 1.30871 1.00110
61.97616 24.58658 1.30871 1.00110
61.97616 24.58658 1.30871 1.00110
61.97616 24.58658 1.30871 1.00110
62.18090 24.58658 1.29930 1.00110
62.18090 24.58658 1.29930 1.00110
62.18090 24.58658 1.29930 1.00110
62.18090 24.58658 1.29930 1.00110
62.18190 24.58658 1.29925 1.00110
62.18190 24.58658 1.29925 1.00110
62.18190 24.58658 1.29925 1.00110
62.18190 24.58658 1.29925 1.00110
62.37150 24.58658 1.28709 1.00110
62.37150 24.58658 1.28709 1.00110
62.37150 24.58658 1.28709 1.00110
62.37150 24.58658 1.28709 1.00110
62.37248 24.58658 1.28711 1.00110
62.37248 24.58658 1.28711 1.00110
62.37248 24.58658 1.28711 1.00110
62.37248 24.58658 1.28711 1.00110
62.55746 24.58658 1.28205 1.00110
62.55746 24.58658 1.28205 1.00110
62.55746 24.58658 1.28205 1.00110
62.55746 24.58658 1.28205 1.00110
62.55890 24.58658 1.28212 1.00110
62.55890 24.58658 1.28212 1.00110
62.55890 24.58658 1.28212 1.00110
62.55890 24.58658 1.28212 1.00110
62.74156 24.58658 1.27402 1.00110
62.74156 24.58658 1.27402 1.00110
62.74156 24.58658 1.27402 1.00110
62.74156 24.58658 1.27402 1.00110
62.74156 24.58658 1.27402 1.00110
62.74156 24.58658 1.27402 1.00110
62.74156 24.58658 1.27402 1.00110
62.74156 24.58658 1.27402 1.00110
62.74297 24.58658 1.27405 1.00110
62.74297 24.58658 1.27405 1.00110
62.74297 24.58658 1.27405 1.00110
62.74297 24.58658 1.27405 1.00110
62.74389 24.58658 1.27410 1.00110
62.74389 24.58658 1.27410 1.00110
62.74389 24.58658 1.27410 1.00110
62.74389 24.58658 1.27410 1.00110
62.92425 24.58658 1.26614 1.00110
62.92425 24.58658 1.26614 1.00110
62.92425 24.58658 1.26614 1.00110
62.92425 24.58658 1.26614 1.00110
62.92560 24.58658 1.26594 1.00110
62.92560 24.58658 1.26594 1.00110
62.92560 24.58658 1.26594 1.00110
62.92560 24.58658 1.26594 1.00110
63.09399 24.58658 1.25255 1.00110
63.09399 24.58658 1.25255 1.00110
63.09399 24.58658 1.25255 1.00110
63.09399 24.58658 1.25255 1.00110
63.09486 24.58658 1.25259 1.00110
63.09486 24.58658 1.25259 1.00110
63.09486 24.58658 1.25259 1.00110
63.09486 24.58658 1.25259 1.00110
63.26024 24.58658 1.24840 1.00110
63.26024 24.58658 1.24840 1.00110
63.26024 24.58658 1.24840 1.00110
63.26024 24.58658 1.24840 1.00110
63.26151 24.58658 1.24842 1.00110
63.26151 24.58658 1.24842 1.00110
63.26151 24.58658 1.24842 1.00110
63.26151 24.58658 1.24842 1.00110
63.42462 24.58658 1.24370 1.00110
63.42462 24.58658 1.24370 1.00110
63.42462 24.58658 1.24370 1.00110
63.42462 24.58658 1.24370 1.00110
63.42546 24.58658 1.24373 1.00110
63.42546 24.58658 1.24373 1.00110
63.42546 24.58658 1.24373 1.00110
63.42546 24.58658 1.24373 1.00110
63.58598 24.58658 1.23929 1.00110
63.58598 24.58658 1.23929 1.00110
63.58598 24.58658 1.23929 1.00110
63.58598 24.58658 1.23929 1.00110
63.58680 24.58658 1.23932 1.00110
63.58680 24.58658 1.23932 1.00110
63.58680 24.58658 1.23932 1.00110
63.58680 24.58658 1.23932 1.00110
63.58762 24.58658 1.23941 1.00110
63.58762 24.58658 1.23941 1.00110
63.58762 24.58658 1.23941 1.00110
63.58762 24.58658 1.23941 1.00110
63.74524 24.58658 1.23422 1.00110
63.74524 24.58658 1.23422 1.00110
63.74524 24.58658 1.23422 1.00110
63.74524 24.58658 1.23422 1.00110
63.74605 24.58658 1.23431 1.00110
63.74605 24.58658 1.23431 1.00110
63.74605 24.58658 1.23431 1.00110
63.74605 24.58658 1.23431 1.00110
63.90095 24.58658 1.22940 1.00110
63.90095 24.58658 1.22940 1.00110
63.90095 24.58658 1.22940 1.00110
63.90095 24.58658 1.22940 1.00110
63.90214 24.58658 1.22947 1.00110
63.90214 24.58658 1.22947 1.00110
63.90214 24.58658 1.22947 1.00110
63.90214 24.58658 1.22947 1.00110
64.05444 24.58658 1.22437 1.00110
64.05444 24.58658 1.22437 1.00110
64.05444 24.58658 1.22437 1.00110
64.05444 24.58658 1.22437 1.00110
64.05444 24.58658 1.22437 1.00110
64.05444 24.58658 1.22437 1.00110
64.05444 24.58658 1.22437 1.00110
64.05444 24.58658 1.22437 1.00110
64.05483 24.58658 1.22440 1.00110
64.05483 24.58658 1.22440 1.00110
64.05483 24.58658 1.22440 1.00110
64.05483 24.58658 1.22440 1.00110
64.05599 24.58658 1.22453 1.00110
64.05599 24.58658 1.22453 1.00110
64.05599 24.58658 1.22453 1.00110
64.05599 24.58658 1.22453 1.00110
64.20719 24.58658 1.22062 1.00110
64.20719 24.58658 1.22062 1.00110
64.20719 24.58658 1.22062 1.00110
64.20719 24.58658 1.22062 1.00110
64.20795 24.58658 1.22072 1.00110
64.20795 24.58658 1.22072 1.00110
64.20795 24.58658 1.22072 1.00110
64.20795 24.58658 1.22072 1.00110
64.35430 24.58658 1.21708 1.00110
64.35430 24.58658 1.21708 1.00110
64.35430 24.58658 1.21708 1.00110
64.35430 24.58658 1.21708 1.00110
64.35544 24.58658 1.21716 1.00110
64.35544 24.58658 1.21716 1.00110
64.35544 24.58658 1.21716 1.00110
64.35544 24.58658 1.21716 1.00110
64.35619 24.58658 1.21725 1.00110
64.35619 24.58658 1.21725 1.00110
64.35619 24.58658 1.21725 1.00110
64.35619 24.58658 1.21725 1.00110
64.50076 24.58658 1.21175 1.00110
64.50076 24.58658 1.21175 1.00110
64.50076 24.58658 1.21175 1.00110
64.50076 24.58658 1.21175 1.00110
64.50150 24.58658 1.21179 1.00110
64.50150 24.58658 1.21179 1.00110
64.50150 24.58658 1.21179 1.00110
64.50150 24.58658 1.21179 1.00110
64.50150 24.58658 1.21179 1.00110
64.50150 24.58658 1.21179 1.00110
64.50150 24.58658 1.21179 1.00110
64.50150 24.58658 1.21179 1.00110
64.64367 24.58658 1.20894 1.00110
64.64367 24.58658 1.20894 1.00110
64.64367 24.58658 1.20894 1.00110
64.64367 24.58658 1.20894 1.00110
64.64440 24.58658 1.20898 1.00110
64.64440 24.58658 1.20898 1.00110
64.64440 24.58658 1.20898 1.00110
64.64440 24.58658 1.20898 1.00110
64.78449 24.58658 1.20585 1.00110
64.78449 24.58658 1.20585 1.00110
64.78449 24.58658 1.20585 1.00110
64.78449 24.58658 1.20585 1.00110
64.78521 24.58658 1.20589 1.00110
64.78521 24.58658 1.20589 1.00110
64.78521 24.58658 1.20589 1.00110
64.78521 24.58658 1.20589 1.00110
64.78593 24.58658 1.20598 1.00110
64.78593 24.58658 1.20598 1.00110
64.78593 24.58658 1.20598 1.00110
64.78593 24.58658 1.20598 1.00110
64.92375 24.58658 1.20249 1.00110
64.92375 24.58658 1.20249 1.00110
64.92375 24.58658 1.20249 1.00110
64.92375 24.58658 1.20249 1.00110
64.92482 24.58658 1.20256 1.00110
64.92482 24.58658 1.20256 1.00110
64.92482 24.58658 1.20256 1.00110
64.92482 24.58658 1.20256 1.00110
65.06137 24.58658 1.19878 1.00110
65.06137 24.58658 1.19878 1.00110
65.06137 24.58658 1.19878 1.00110
65.06137 24.58658 1.19878 1.00110
65.06206 24.58658 1.19886 1.00110
65.06206 24.58658 1.19886 1.00110
65.06206 24.58658 1.19886 1.00110
65.06206 24.58658 1.19886 1.00110
65.19811 24.58658 1.19683 1.00110
65.19811 24.58658 1.19683 1.00110
65.19811 24.58658 1.19683 1.00110
65.19811 24.58658 1.19683 1.00110
65.33114 24.58658 1.19372 1.00110
65.33114 24.58658 1.19372 1.00110
65.33114 24.58658 1.19372 1.00110
65.33114 24.58658 1.19372 1.00110
65.33183 24.58658 1.19375 1.00110
65.33183 24.58658 1.19375 1.00110
65.33183 24.58658 1.19375 1.00110
65.33183 24.58658 1.19375 1.00110
65.33251 24.58658 1.19383 1.00110
65.33251 24.58658 1.19383 1.00110
65.33251 24.58658 1.19383 1.00110
65.33251 24.58658 1.19383 1.00110
65.46331 24.58658 1.18881 1.00110
65.46331 24.58658 1.18881 1.00110
65.46331 24.58658 1.18881 1.00110
65.46331 24.58658 1.18881 1.00110
65.46397 24.58658 1.18888 1.00110
65.46397 24.58658 1.18888 1.00110
65.46397 24.58658 1.18888 1.00110
65.46397 24.58658 1.18888 1.00110
65.59391 24.58658 1.18371 1.00110
65.59391 24.58658 1.18371 1.00110
65.59391 24.58658 1.18371 1.00110
65.59391 24.58658 1.18371 1.00110
65.59688 24.58658 1.18312 1.00110
65.59688 24.58658 1.18312 1.00110
65.59688 24.58658 1.18312 1.00110
65.59688 24.58658 1.18312 1.00110
65.59752 24.58658 1.18308 1.00110
65.59752 24.58658 1.18308 1.00110
65.59752 24.58658 1.18308 1.00110
65.59752 24.58658 1.18308 1.00110
65.71892 24.58658 1.17328 1.00110
65.71892 24.58658 1.17328 1.00110
65.71892 24.58658 1.17328 1.00110
65.71892 24.58658 1.17328 1.00110
65.72014 24.58658 1.17341 1.00110
65.72014 24.58658 1.17341 1.00110
65.72014 24.58658 1.17341 1.00110
65.72014 24.58658 1.17341 1.00110
65.83810 24.58658 1.17193 1.00110
65.83810 24.58658 1.17193 1.00110
65.83810 24.58658 1.17193 1.00110
65.83810 24.58658 1.17193 1.00110
65.83870 24.58658 1.17198 1.00110
65.83870 24.58658 1.17198 1.00110
65.83870 24.58658 1.17198 1.00110
65.83870 24.58658 1.17198 1.00110
65.95639 24.58658 1.17064 1.00110
65.95639 24.58658 1.17064 1.00110
65.95639 24.58658 1.17064 1.00110
65.95639 24.58658 1.17064 1.00110
65.95699 24.58658 1.17071 1.00110
65.95699 24.58658 1.17071 1.00110
65.95699 24.58658 1.17071 1.00110
65.95699 24.58658 1.17071 1.00110
66.07368 24.58658 1.16689 1.00110
66.07368 24.58658 1.16689 1.00110
66.07368 24.58658 1.16689 1.00110
66.07368 24.58658 1.16689 1.00110
66.07426 24.58658 1.16697 1.00110
66.07426 24.58658 1.16697 1.00110
66.07426 24.58658 1.16697 1.00110
66.07426 24.58658 1.16697 1.00110
66.18835 24.58658 1.16490 1.00110
66.18835 24.58658 1.16490 1.00110
66.18835 24.58658 1.16490 1.00110
66.18835 24.58658 1.16490 1.00110
66.18923 24.58658 1.16497 1.00110
66.18923 24.58658 1.16497 1.00110
66.18923 24.58658 1.16497 1.00110
66.18923 24.58658 1.16497 1.00110
66.30788 24.58658 1.15746 1.00110
66.30788 24.58658 1.15746 1.00110
66.30788 24.58658 1.15746 1.00110
66.30788 24.58658 1.15746 1.00110
66.30870 24.58658 1.15713 1.00110
66.30870 24.58658 1.15713 1.00110
66.30870 24.58658 1.15713 1.00110
66.30870 24.58658 1.15713 1.00110
66.41160 24.58658 1.14960 1.00110
66.41160 24.58658 1.14960 1.00110
66.41160 24.58658 1.14960 1.00110
66.41160 24.58658 1.14960 1.00110
66.41212 24.58658 1.14964 1.00110
66.41212 24.58658 1.14964 1.00110
66.41212 24.58658 1.14964 1.00110
66.41212 24.58658 1.14964 1.00110
66.51536 24.58658 1.14802 1.00110
66.51536 24.58658 1.14802 1.00110
66.51536 24.58658 1.14802 1.00110
66.51536 24.58658 1.14802 1.00110
66.51588 24.58658 1.14807 1.00110
66.51588 24.58658 1.14807 1.00110
66.51588 24.58658 1.14807 1.00110
66.51588 24.58658 1.14807 1.00110
66.61351 24.58658 1.14616 1.00110
66.61351 24.58658 1.14616 1.00110
66.61351 24.58658 1.14616 1.00110
66.61351 24.58658 1.14616 1.00110
66.61861 24.58658 1.14591 1.00110
66.61861 24.58658 1.14591 1.00110
66.61861 24.58658 1.14591 1.00110
66.61861 24.58658 1.14591 1.00110
66.71970 24.58658 1.14285 1.00110
66.71970 24.58658 1.14285 1.00110
66.71970 24.58658 1.14285 1.00110
66.71970 24.58658 1.14285 1.00110
66.72022 24.58658 1.14289 1.00110
66.72022 24.58658 1.14289 1.00110
66.72022 24.58658 1.14289 1.00110
66.72022 24.58658 1.14289 1.00110
66.81930 24.58658 1.14107 1.00110
66.81930 24.58658 1.14107 1.00110
66.81930 24.58658 1.14107 1.00110
66.81930 24.58658 1.14107 1.00110
66.81930 24.58658 1.14107 1.00110
66.81930 24.58658 1.14107 1.00110
66.81930 24.58658 1.14107 1.00110
66.81930 24.58658 1.14107 1.00110
66.82006 24.58658 1.14115 1.00110
66.82006 24.58658 1.14115 1.00110
66.82006 24.58658 1.14115 1.00110
66.82006 24.58658 1.14115 1.00110
66.82055 24.58658 1.14124 1.00110
66.82055 24.58658 1.14124 1.00110
66.82055 24.58658 1.14124 1.00110
66.82055 24.58658 1.14124 1.00110
66.92060 24.58658 1.13881 1.00110
66.92060 24.58658 1.13881 1.00110
66.92060 24.58658 1.13881 1.00110
66.92060 24.58658 1.13881 1.00110
66.92133 24.58658 1.13893 1.00110
66.92133 24.58658 1.13893 1.00110
66.92133 24.58658 1.13893 1.00110
66.92133 24.58658 1.13893 1.00110
66.92182 24.58658 1.13905 1.00110
66.92182 24.58658 1.13905 1.00110
66.92182 24.58658 1.13905 1.00110
66.92182 24.58658 1.13905 1.00110
66.92230 24.58658 1.13914 1.00110
66.92230 24.58658 1.13914 1.00110
66.92230 24.58658 1.13914 1.00110
66.92230 24.58658 1.13914 1.00110
67.01753 24.58658 1.13524 1.00110
67.01753 24.58658 1.13524 1.00110
67.01753 24.58658 1.13524 1.00110
67.01753 24.58658 1.13524 1.00110
67.11216 24.58658 1.13338 1.00110
67.11216 24.58658 1.13338 1.00110
67.11216 24.58658 1.13338 1.00110
67.11216 24.58658 1.13338 1.00110
67.11265 24.58658 1.13339 1.00110
67.11265 24.58658 1.13339 1.00110
67.11265 24.58658 1.13339 1.00110
67.11265 24.58658 1.13339 1.00110
67.11335 24.58658 1.13354 1.00110
67.11335 24.58658 1.13354 1.00110
67.11335 24.58658 1.13354 1.00110
67.11335 24.58658 1.13354 1.00110
67.20606 24.58658 1.13092 1.00110
67.20606 24.58658 1.13092 1.00110
67.20606 24.58658 1.13092 1.00110
67.20606 24.58658 1.13092 1.00110
67.20654 24.58658 1.13096 1.00110
67.20654 24.58658 1.13096 1.00110
67.20654 24.58658 1.13096 1.00110
67.20654 24.58658 1.13096 1.00110
67.29805 24.58658 1.12962 1.00110
67.29805 24.58658 1.12962 1.00110
67.29805 24.58658 1.12962 1.00110
67.29805 24.58658 1.12962 1.00110
67.29852 24.58658 1.12967 1.00110
67.29852 24.58658 1.12967 1.00110
67.29852 24.58658 1.12967 1.00110
67.29852 24.58658 1.12967 1.00110
67.38935 24.58658 1.12814 1.00110
67.38935 24.58658 1.12814 1.00110
67.38935 24.58658 1.12814 1.00110
67.38935 24.58658 1.12814 1.00110
67.38935 24.58658 1.12814 1.00110
67.38935 24.58658 1.12814 1.00110
67.38935 24.58658 1.12814 1.00110
67.38935 24.58658 1.12814 1.00110
67.38959 24.58658 1.12814 1.00110
67.38959 24.58658 1.12814 1.00110
67.38959 24.58658 1.12814 1.00110
67.38959 24.58658 1.12814 1.00110
67.39027 24.58658 1.12828 1.00110
67.39027 24.58658 1.12828 1.00110
67.39027 24.58658 1.12828 1.00110
67.39027 24.58658 1.12828 1.00110
67.39072 24.58658 1.12836 1.00110
67.39072 24.58658 1.12836 1.00110
67.39072 24.58658 1.12836 1.00110
67.39072 24.58658 1.12836 1.00110
67.48022 24.58658 1.12582 1.00110
67.48022 24.58658 1.12582 1.00110
67.48022 24.58658 1.12582 1.00110
67.48022 24.58658 1.12582 1.00110
67.56859 24.58658 1.12459 1.00110
67.56859 24.58658 1.12459 1.00110
67.56859 24.58658 1.12459 1.00110
67.56859 24.58658 1.12459 1.00110
67.56859 24.58658 1.12459 1.00110
67.56859 24.58658 1.12459 1.00110
67.56859 24.58658 1.12459 1.00110
67.56859 24.58658 1.12459 1.00110
67.56927 24.58658 1.12471 1.00110
67.56927 24.58658 1.12471 1.00110
67.56927 24.58658 1.12471 1.00110
67.56927 24.58658 1.12471 1.00110
67.56970 24.58658 1.12481 1.00110
67.56970 24.58658 1.12481 1.00110
67.56970 24.58658 1.12481 1.00110
67.56970 24.58658 1.12481 1.00110
67.65716 24.58658 1.12298 1.00110
67.65716 24.58658 1.12298 1.00110
67.65716 24.58658 1.12298 1.00110
67.65716 24.58658 1.12298 1.00110
67.65782 24.58658 1.12306 1.00110
67.65782 24.58658 1.12306 1.00110
67.65782 24.58658 1.12306 1.00110
67.65782 24.58658 1.12306 1.00110
67.65826 24.58658 1.12314 1.00110
67.65826 24.58658 1.12314 1.00110
67.65826 24.58658 1.12314 1.00110
67.65826 24.58658 1.12314 1.00110
67.74574 24.58658 1.12110 1.00110
67.74574 24.58658 1.12110 1.00110
67.74574 24.58658 1.12110 1.00110
67.74574 24.58658 1.12110 1.00110
67.74574 24.58658 1.12110 1.00110
67.74574 24.58658 1.12110 1.00110
67.74574 24.58658 1.12110 1.00110
67.74574 24.58658 1.12110 1.00110
67.74638 24.58658 1.12127 1.00110
67.74638 24.58658 1.12127 1.00110
67.74638 24.58658 1.12127 1.00110
67.74638 24.58658 1.12127 1.00110
67.83093 24.58658 1.11894 1.00110
67.83093 24.58658 1.11894 1.00110
67.83093 24.58658 1.11894 1.00110
67.83093 24.58658 1.11894 1.00110
67.83157 24.58658 1.11904 1.00110
67.83157 24.58658 1.11904 1.00110
67.83157 24.58658 1.11904 1.00110
67.83157 24.58658 1.11904 1.00110
67.83200 24.58658 1.11913 1.00110
67.83200 24.58658 1.11913 1.00110
67.83200 24.58658 1.11913 1.00110
67.83200 24.58658 1.11913 1.00110
67.91609 24.58658 1.11702 1.00110
67.91609 24.58658 1.11702 1.00110
67.91609 24.58658 1.11702 1.00110
67.91609 24.58658 1.11702 1.00110
67.91651 24.58658 1.11709 1.00110
67.91651 24.58658 1.11709 1.00110
67.91651 24.58658 1.11709 1.00110
67.91651 24.58658 1.11709 1.00110
67.99886 24.58658 1.11481 1.00110
67.99886 24.58658 1.11481 1.00110
67.99886 24.58658 1.11481 1.00110
67.99886 24.58658 1.11481 1.00110
67.99886 24.58658 1.11481 1.00110
67.99886 24.58658 1.11481 1.00110
67.99886 24.58658 1.11481 1.00110
67.99886 24.58658 1.11481 1.00110
67.99886 24.58658 1.11481 1.00110
67.99886 24.58658 1.11481 1.00110
67.99886 24.58658 1.11481 1.00110
67.99886 24.58658 1.11481 1.00110
67.99948 24.58658 1.11490 1.00110
67.99948 24.58658 1.11490 1.00110
67.99948 24.58658 1.11490 1.00110
67.99948 24.58658 1.11490 1.00110
68.08042 24.58658 1.11193 1.00110
68.08042 24.58658 1.11193 1.00110
68.08042 24.58658 1.11193 1.00110
68.08042 24.58658 1.11193 1.00110
68.08103 24.58658 1.11196 1.00110
68.08103 24.58658 1.11196 1.00110
68.08103 24.58658 1.11196 1.00110
68.08103 24.58658 1.11196 1.00110
68.08142 24.58658 1.11205 1.00110
68.08142 24.58658 1.11205 1.00110
68.08142 24.58658 1.11205 1.00110
68.08142 24.58658 1.11205 1.00110
68.16033 24.58658 1.10992 1.00110
68.16033 24.58658 1.10992 1.00110
68.16033 24.58658 1.10992 1.00110
68.16033 24.58658 1.10992 1.00110
68.16072 24.58658 1.11001 1.00110
68.16072 24.58658 1.11001 1.00110
68.16072 24.58658 1.11001 1.00110
68.16072 24.58658 1.11001 1.00110
68.16111 24.58658 1.11010 1.00110
68.16111 24.58658 1.11010 1.00110
68.16111 24.58658 1.11010 1.00110
68.16111 24.58658 1.11010 1.00110
68.23917 24.58658 1.10818 1.00110
68.23917 24.58658 1.10818 1.00110
68.23917 24.58658 1.10818 1.00110
68.23917 24.58658 1.10818 1.00110
68.23956 24.58658 1.10826 1.00110
68.23956 24.58658 1.10826 1.00110
68.23956 24.58658 1.10826 1.00110
68.23956 24.58658 1.10826 1.00110
68.31652 24.58658 1.10728 1.00110
68.31652 24.58658 1.10728 1.00110
68.31652 24.58658 1.10728 1.00110
68.31652 24.58658 1.10728 1.00110
68.31690 24.58658 1.10737 1.00110
68.31690 24.58658 1.10737 1.00110
68.31690 24.58658 1.10737 1.00110
68.31690 24.58658 1.10737 1.00110
68.31709 24.58658 1.10742 1.00110
68.31709 24.58658 1.10742 1.00110
68.31709 24.58658 1.10742 1.00110
68.31709 24.58658 1.10742 1.00110
68.39397 24.58658 1.10460 1.00110
68.39397 24.58658 1.10460 1.00110
68.39397 24.58658 1.10460 1.00110
68.39397 24.58658 1.10460 1.00110
68.39575 24.58658 1.10415 1.00110
68.39575 24.58658 1.10415 1.00110
68.39575 24.58658 1.10415 1.00110
68.39575 24.58658 1.10415 1.00110
68.46887 24.58658 1.09866 1.00110
68.46887 24.58658 1.09866 1.00110
68.46887 24.58658 1.09866 1.00110
68.46887 24.58658 1.09866 1.00110
68.46921 24.58658 1.09878 1.00110
68.46921 24.58658 1.09878 1.00110
68.46921 24.58658 1.09878 1.00110
68.46921 24.58658 1.09878 1.00110
68.53963 24.58658 1.09772 1.00110
68.53963 24.58658 1.09772 1.00110
68.53963 24.58658 1.09772 1.00110
68.53963 24.58658 1.09772 1.00110
68.53999 24.58658 1.09778 1.00110
68.53999 24.58658 1.09778 1.00110
68.53999 24.58658 1.09778 1.00110
68.53999 24.58658 1.09778 1.00110
68.54016 24.58658 1.09783 1.00110
68.54016 24.58658 1.09783 1.00110
68.54016 24.58658 1.09783 1.00110
68.54016 24.58658 1.09783 1.00110
68.61067 24.58658 1.09846 1.00110
68.61067 24.58658 1.09846 1.00110
68.61067 24.58658 1.09846 1.00110
68.61067 24.58658 1.09846 1.00110
68.61102 24.58658 1.09855 1.00110
68.61102 24.58658 1.09855 1.00110
68.61102 24.58658 1.09855 1.00110
68.61102 24.58658 1.09855 1.00110
68.68137 24.58658 1.09716 1.00110
68.68137 24.58658 1.09716 1.00110
68.68137 24.58658 1.09716 1.00110
68.68137 24.58658 1.09716 1.00110
68.75172 24.58658 1.09689 1.00110
68.75172 24.58658 1.09689 1.00110
68.75172 24.58658 1.09689 1.00110
68.75172 24.58658 1.09689 1.00110
68.75208 24.58658 1.09693 1.00110
68.75208 24.58658 1.09693 1.00110
68.75208 24.58658 1.09693 1.00110
68.75208 24.58658 1.09693 1.00110
68.75243 24.58658 1.09701 1.00110
68.75243 24.58658 1.09701 1.00110
68.75243 24.58658 1.09701 1.00110
68.75243 24.58658 1.09701 1.00110
68.82145 24.58658 1.09498 1.00110
68.82145 24.58658 1.09498 1.00110
68.82145 24.58658 1.09498 1.00110
68.82145 24.58658 1.09498 1.00110
68.82145 24.58658 1.09498 1.00110
68.82145 24.58658 1.09498 1.00110
68.82145 24.58658 1.09498 1.00110
68.82145 24.58658 1.09498 1.00110
68.82197 24.58658 1.09508 1.00110
68.82197 24.58658 1.09508 1.00110
68.82197 24.58658 1.09508 1.00110
68.82197 24.58658 1.09508 1.00110
68.89149 24.58658 1.09329 1.00110
68.89149 24.58658 1.09329 1.00110
68.89149 24.58658 1.09329 1.00110
68.89149 24.58658 1.09329 1.00110
68.89200 24.58658 1.09313 1.00110
68.89200 24.58658 1.09313 1.00110
68.89200 24.58658 1.09313 1.00110
68.89200 24.58658 1.09313 1.00110
68.95617 24.58658 1.08689 1.00110
68.95617 24.58658 1.08689 1.00110
68.95617 24.58658 1.08689 1.00110
68.95617 24.58658 1.08689 1.00110
68.95649 24.58658 1.08694 1.00110
68.95649 24.58658 1.08694 1.00110
68.95649 24.58658 1.08694 1.00110
68.95649 24.58658 1.08694 1.00110
68.95680 24.58658 1.08704 1.00110
68.95680 24.58658 1.08704 1.00110
68.95680 24.58658 1.08704 1.00110
68.95680 24.58658 1.08704 1.00110
69.02022 24.58658 1.08783 1.00110
69.02022 24.58658 1.08783 1.00110
69.02022 24.58658 1.08783 1.00110
69.02022 24.58658 1.08783 1.00110
69.02054 24.58658 1.08793 1.00110
69.02054 24.58658 1.08793 1.00110
69.02054 24.58658 1.08793 1.00110
69.02054 24.58658 1.08793 1.00110
69.08471 24.58658 1.08727 1.00110
69.08471 24.58658 1.08727 1.00110
69.08471 24.58658 1.08727 1.00110
69.08471 24.58658 1.08727 1.00110
69.08502 24.58658 1.08737 1.00110
69.08502 24.58658 1.08737 1.00110
69.08502 24.58658 1.08737 1.00110
69.08502 24.58658 1.08737 1.00110
69.08532 24.58658 1.08746 1.00110
69.08532 24.58658 1.08746 1.00110
69.08532 24.58658 1.08746 1.00110
69.08532 24.58658 1.08746 1.00110
69.14926 24.58658 1.08511 1.00110
69.14926 24.58658 1.08511 1.00110
69.14926 24.58658 1.08511 1.00110
69.14926 24.58658 1.08511 1.00110
69.14955 24.58658 1.08522 1.00110
69.14955 24.58658 1.08522 1.00110
69.14955 24.58658 1.08522 1.00110
69.14955 24.58658 1.08522 1.00110
69.21043 24.58658 1.08348 1.00110
69.21043 24.58658 1.08348 1.00110
69.21043 24.58658 1.08348 1.00110
69.21043 24.58658 1.08348 1.00110
69.21073 24.58658 1.08355 1.00110
69.21073 24.58658 1.08355 1.00110
69.21073 24.58658 1.08355 1.00110
69.21073 24.58658 1.08355 1.00110
69.21073 24.58658 1.08355 1.00110
69.21073 24.58658 1.08355 1.00110
69.21073 24.58658 1.08355 1.00110
69.21073 24.58658 1.08355 1.00110
69.21073 24.58658 1.08355 1.00110
69.21073 24.58658 1.08355 1.00110
69.21073 24.58658 1.08355 1.00110
69.21073 24.58658 1.08355 1.00110
69.21117 24.58658 1.08371 1.00110
69.21117 24.58658 1.08371 1.00110
69.21117 24.58658 1.08371 1.00110
69.21117 24.58658 1.08371 1.00110
69.27159 24.58658 1.08325 1.00110
69.27159 24.58658 1.08325 1.00110
69.27159 24.58658 1.08325 1.00110
69.27159 24.58658 1.08325 1.00110
69.27190 24.58658 1.08330 1.00110
69.27190 24.58658 1.08330 1.00110
69.27190 24.58658 1.08330 1.00110
69.27190 24.58658 1.08330 1.00110
69.27220 24.58658 1.08339 1.00110
69.27220 24.58658 1.08339 1.00110
69.27220 24.58658 1.08339 1.00110
69.27220 24.58658 1.08339 1.00110
69.33357 24.58658 1.08238 1.00110
69.33357 24.58658 1.08238 1.00110
69.33357 24.58658 1.08238 1.00110
69.33357 24.58658 1.08238 1.00110
69.33388 24.58658 1.08243 1.00110
69.33388 24.58658 1.08243 1.00110
69.33388 24.58658 1.08243 1.00110
69.33388 24.58658 1.08243 1.00110
69.33388 24.58658 1.08243 1.00110
69.33388 24.58658 1.08243 1.00110
69.33388 24.58658 1.08243 1.00110
69.33388 24.58658 1.08243 1.00110
69.39349 24.58658 1.08094 1.00110
69.39349 24.58658 1.08094 1.00110
69.39349 24.58658 1.08094 1.00110
69.39349 24.58658 1.08094 1.00110
69.39393 24.58658 1.08101 1.00110
69.39393 24.58658 1.08101 1.00110
69.39393 24.58658 1.08101 1.00110
69.39393 24.58658 1.08101 1.00110
69.45289 24.58658 1.08004 1.00110
69.45289 24.58658 1.08004 1.00110
69.45289 24.58658 1.08004 1.00110
69.45289 24.58658 1.08004 1.00110
69.45317 24.58658 1.08012 1.00110
69.45317 24.58658 1.08012 1.00110
69.45317 24.58658 1.08012 1.00110
69.45317 24.58658 1.08012 1.00110
69.51143 24.58658 1.07908 1.00110
69.51143 24.58658 1.07908 1.00110
69.51143 24.58658 1.07908 1.00110
69.51143 24.58658 1.07908 1.00110
69.51171 24.58658 1.07916 1.00110
69.51171 24.58658 1.07916 1.00110
69.51171 24.58658 1.07916 1.00110
69.51171 24.58658 1.07916 1.00110
69.51199 24.58658 1.07924 1.00110
69.51199 24.58658 1.07924 1.00110
69.51199 24.58658 1.07924 1.00110
69.51199 24.58658 1.07924 1.00110
69.56944 24.58658 1.07679 1.00110
69.56944 24.58658 1.07679 1.00110
69.56944 24.58658 1.07679 1.00110
69.56944 24.58658 1.07679 1.00110
69.56971 24.58658 1.07688 1.00110
69.56971 24.58658 1.07688 1.00110
69.56971 24.58658 1.07688 1.00110
69.56971 24.58658 1.07688 1.00110
69.62715 24.58658 1.07552 1.00110
69.62715 24.58658 1.07552 1.00110
69.62715 24.58658 1.07552 1.00110
69.62715 24.58658 1.07552 1.00110
69.62741 24.58658 1.07563 1.00110
69.62741 24.58658 1.07563 1.00110
69.62741 24.58658 1.07563 1.00110
69.62741 24.58658 1.07563 1.00110
69.62767 24.58658 1.07573 1.00110
69.62767 24.58658 1.07573 1.00110
69.62767 24.58658 1.07573 1.00110
69.62767 24.58658 1.07573 1.00110
69.62794 24.58658 1.07582 1.00110
69.62794 24.58658 1.07582 1.00110
69.62794 24.58658 1.07582 1.00110
69.62794 24.58658 1.07582 1.00110
69.68276 24.58658 1.07388 1.00110
69.68276 24.58658 1.07388 1.00110
69.68276 24.58658 1.07388 1.00110
69.68276 24.58658 1.07388 1.00110
69.68302 24.58658 1.07400 1.00110
69.68302 24.58658 1.07400 1.00110
69.68302 24.58658 1.07400 1.00110
69.68302 24.58658 1.07400 1.00110
69.73680 24.58658 1.07183 1.00110
69.73680 24.58658 1.07183 1.00110
69.73680 24.58658 1.07183 1.00110
69.73680 24.58658 1.07183 1.00110
69.73694 24.58658 1.07184 1.00110
69.73694 24.58658 1.07184 1.00110
69.73694 24.58658 1.07184 1.00110
69.73694 24.58658 1.07184 1.00110
69.78971 24.58658 1.07145 1.00110
69.78971 24.58658 1.07145 1.00110
69.78971 24.58658 1.07145 1.00110
69.78971 24.58658 1.07145 1.00110
69.78998 24.58658 1.07151 1.00110
69.78998 24.58658 1.07151 1.00110
69.78998 24.58658 1.07151 1.00110
69.78998 24.58658 1.07151 1.00110
69.84259 24.58658 1.06979 1.00110
69.84259 24.58658 1.06979 1.00110
69.84259 24.58658 1.06979 1.00110
69.84259 24.58658 1.06979 1.00110
69.84285 24.58658 1.06983 1.00110
69.84285 24.58658 1.06983 1.00110
69.84285 24.58658 1.06983 1.00110
69.84285 24.58658 1.06983 1.00110
69.89410 24.58658 1.06915 1.00110
69.89410 24.58658 1.06915 1.00110
69.89410 24.58658 1.06915 1.00110
69.89410 24.58658 1.06915 1.00110
69.89436 24.58658 1.06921 1.00110
69.89436 24.58658 1.06921 1.00110
69.89436 24.58658 1.06921 1.00110
69.89436 24.58658 1.06921 1.00110
69.94561 24.58658 1.06806 1.00110
69.94561 24.58658 1.06806 1.00110
69.94561 24.58658 1.06806 1.00110
69.94561 24.58658 1.06806 1.00110
69.94586 24.58658 1.06815 1.00110
69.94586 24.58658 1.06815 1.00110
69.94586 24.58658 1.06815 1.00110
69.94586 24.58658 1.06815 1.00110
69.99614 24.58658 1.06738 1.00110
69.99614 24.58658 1.06738 1.00110
69.99614 24.58658 1.06738 1.00110
69.99614 24.58658 1.06738 1.00110
69.99640 24.58658 1.06744 1.00110
69.99640 24.58658 1.06744 1.00110
69.99640 24.58658 1.06744 1.00110
69.99640 24.58658 1.06744 1.00110
69.99663 24.58658 1.06755 1.00110
69.99663 24.58658 1.06755 1.00110
69.99663 24.58658 1.06755 1.00110
69.99663 24.58658 1.06755 1.00110
70.04677 24.58658 1.06646 1.00110
70.04677 24.58658 1.06646 1.00110
70.04677 24.58658 1.06646 1.00110
70.04677 24.58658 1.06646 1.00110
70.04689 24.58658 1.06650 1.00110
70.04689 24.58658 1.06650 1.00110
70.04689 24.58658 1.06650 1.00110
70.04689 24.58658 1.06650 1.00110
70.09628 24.58658 1.06659 1.00110
70.09628 24.58658 1.06659 1.00110
70.09628 24.58658 1.06659 1.00110
70.09628 24.58658 1.06659 1.00110
70.09651 24.58658 1.06668 1.00110
70.09651 24.58658 1.06668 1.00110
70.09651 24.58658 1.06668 1.00110
70.09651 24.58658 1.06668 1.00110
70.14610 24.58658 1.06683 1.00110
70.14610 24.58658 1.06683 1.00110
70.14610 24.58658 1.06683 1.00110
70.14610 24.58658 1.06683 1.00110
70.14634 24.58658 1.06692 1.00110
70.14634 24.58658 1.06692 1.00110
70.14634 24.58658 1.06692 1.00110
70.14634 24.58658 1.06692 1.00110
70.19751 24.58658 1.06583 1.00110
70.19751 24.58658 1.06583 1.00110
70.19751 24.58658 1.06583 1.00110
70.19751 24.58658 1.06583 1.00110
70.19773 24.58658 1.06595 1.00110
70.19773 24.58658 1.06595 1.00110
70.19773 24.58658 1.06595 1.00110
70.19773 24.58658 1.06595 1.00110
70.19796 24.58658 1.06606 1.00110
70.19796 24.58658 1.06606 1.00110
70.19796 24.58658 1.06606 1.00110
70.19796 24.58658 1.06606 1.00110
70.24558 24.58658 1.06364 1.00110
70.24558 24.58658 1.06364 1.00110
70.24558 24.58658 1.06364 1.00110
70.24558 24.58658 1.06364 1.00110
70.24581 24.58658 1.06370 1.00110
70.24581 24.58658 1.06370 1.00110
70.24581 24.58658 1.06370 1.00110
70.24581 24.58658 1.06370 1.00110
70.24604 24.58658 1.06381 1.00110
70.24604 24.58658 1.06381 1.00110
70.24604 24.58658 1.06381 1.00110
70.24604 24.58658 1.06381 1.00110
70.29356 24.58658 1.06331 1.00110
70.29356 24.58658 1.06331 1.00110
70.29356 24.58658 1.06331 1.00110
70.29356 24.58658 1.06331 1.00110
70.29380 24.58658 1.06337 1.00110
70.29380 24.58658 1.06337 1.00110
70.29380 24.58658 1.06337 1.00110
70.29380 24.58658 1.06337 1.00110
70.29402 24.58658 1.06348 1.00110
70.29402 24.58658 1.06348 1.00110
70.29402 24.58658 1.06348 1.00110
70.29402 24.58658 1.06348 1.00110
70.34108 24.58658 1.06306 1.00110
70.34108 24.58658 1.06306 1.00110
70.34108 24.58658 1.06306 1.00110
70.34108 24.58658 1.06306 1.00110
70.34131 24.58658 1.06310 1.00110
70.34131 24.58658 1.06310 1.00110
70.34131 24.58658 1.06310 1.00110
70.34131 24.58658 1.06310 1.00110
70.38834 24.58658 1.06291 1.00110
70.38834 24.58658 1.06291 1.00110
70.38834 24.58658 1.06291 1.00110
70.38834 24.58658 1.06291 1.00110
70.38870 24.58658 1.06298 1.00110
70.38870 24.58658 1.06298 1.00110
70.38870 24.58658 1.06298 1.00110
70.38870 24.58658 1.06298 1.00110
70.43550 24.58658 1.06220 1.00110
70.43550 24.58658 1.06220 1.00110
70.43550 24.58658 1.06220 1.00110
70.43550 24.58658 1.06220 1.00110
70.43573 24.58658 1.06225 1.00110
70.43573 24.58658 1.06225 1.00110
70.43573 24.58658 1.06225 1.00110
70.43573 24.58658 1.06225 1.00110
70.48249 24.58658 1.06149 1.00110
70.48249 24.58658 1.06149 1.00110
70.48249 24.58658 1.06149 1.00110
70.48249 24.58658 1.06149 1.00110
70.48249 24.58658 1.06149 1.00110
70.48249 24.58658 1.06149 1.00110
70.48249 24.58658 1.06149 1.00110
70.48249 24.58658 1.06149 1.00110
70.48283 24.58658 1.06160 1.00110
70.48283 24.58658 1.06160 1.00110
70.48283 24.58658 1.06160 1.00110
70.48283 24.58658 1.06160 1.00110
70.52851 24.58658 1.06064 1.00110
70.52851 24.58658 1.06064 1.00110
70.52851 24.58658 1.06064 1.00110
70.52851 24.58658 1.06064 1.00110
70.52873 24.58658 1.06070 1.00110
70.52873 24.58658 1.06070 1.00110
70.52873 24.58658 1.06070 1.00110
70.52873 24.58658 1.06070 1.00110
70.52894 24.58658 1.06081 1.00110
70.52894 24.58658 1.06081 1.00110
70.52894 24.58658 1.06081 1.00110
70.52894 24.58658 1.06081 1.00110
70.57440 24.58658 1.06043 1.00110
70.57440 24.58658 1.06043 1.00110
70.57440 24.58658 1.06043 1.00110
70.57440 24.58658 1.06043 1.00110
70.57462 24.58658 1.06052 1.00110
70.57462 24.58658 1.06052 1.00110
70.57462 24.58658 1.06052 1.00110
70.57462 24.58658 1.06052 1.00110
