24.25033 23.50413 1.97695 1.00364
24.25033 23.50413 1.97695 1.00364
24.25160 23.50413 1.97576 1.00364
24.25160 23.50413 1.97576 1.00364
24.25287 23.50413 1.97460 1.00364
24.25287 23.50413 1.97460 1.00364
24.25414 23.50413 1.97347 1.00364
24.25414 23.50413 1.97347 1.00364
24.25541 23.50413 1.97238 1.00364
24.25541 23.50413 1.97238 1.00364
24.25667 23.50413 1.97131 1.00364
24.25667 23.50413 1.97131 1.00364
24.25793 23.50413 1.97027 1.00364
24.25793 23.50413 1.97027 1.00364
24.25920 23.50413 1.96925 1.00364
24.25920 23.50413 1.96925 1.00364
24.26046 23.50413 1.96824 1.00364
24.26046 23.50413 1.96824 1.00364
24.26172 23.50413 1.96726 1.00364
24.26172 23.50413 1.96726 1.00364
24.26298 23.50413 1.96630 1.00364
24.26298 23.50413 1.96630 1.00364
24.26424 23.50413 1.96536 1.00364
24.26424 23.50413 1.96536 1.00364
24.26550 23.50413 1.96443 1.00364
24.26550 23.50413 1.96443 1.00364
24.26675 23.50413 1.96352 1.00364
24.26675 23.50413 1.96352 1.00364
24.26801 23.50413 1.96263 1.00364
24.26801 23.50413 1.96263 1.00364
24.26926 23.50413 1.96176 1.00364
24.26926 23.50413 1.96176 1.00364
24.27051 23.50413 1.96090 1.00364
24.27051 23.50413 1.96090 1.00364
24.27177 23.50413 1.96005 1.00364
24.27177 23.50413 1.96005 1.00364
24.27302 23.50413 1.95922 1.00364
24.27302 23.50413 1.95922 1.00364
24.27427 23.50413 1.95840 1.00364
24.27427 23.50413 1.95840 1.00364
24.27552 23.50413 1.95760 1.00364
24.27552 23.50413 1.95760 1.00364
24.27677 23.50413 1.95680 1.00364
24.27677 23.50413 1.95680 1.00364
24.27802 23.50413 1.95602 1.00364
24.27802 23.50413 1.95602 1.00364
24.27926 23.50413 1.95525 1.00364
24.27926 23.50413 1.95525 1.00364
24.28051 23.50413 1.95450 1.00364
24.28051 23.50413 1.95450 1.00364
24.28175 23.50413 1.95375 1.00364
24.28175 23.50413 1.95375 1.00364
24.28300 23.50413 1.95302 1.00364
24.28300 23.50413 1.95302 1.00364
24.28424 23.50413 1.95230 1.00364
24.28424 23.50413 1.95230 1.00364
24.28549 23.50413 1.95159 1.00364
24.28549 23.50413 1.95159 1.00364
24.28673 23.50413 1.95090 1.00364
24.28673 23.50413 1.95090 1.00364
24.28797 23.50413 1.95021 1.00364
24.28797 23.50413 1.95021 1.00364
24.28921 23.50413 1.94954 1.00364
24.28921 23.50413 1.94954 1.00364
24.29045 23.50413 1.94888 1.00364
24.29045 23.50413 1.94888 1.00364
24.29169 23.50413 1.94823 1.00364
24.29169 23.50413 1.94823 1.00364
24.29293 23.50413 1.94759 1.00364
24.29293 23.50413 1.94759 1.00364
24.29417 23.50413 1.94695 1.00364
24.29417 23.50413 1.94695 1.00364
24.29541 23.50413 1.94633 1.00364
24.29541 23.50413 1.94633 1.00364
24.29665 23.50413 1.94571 1.00364
24.29665 23.50413 1.94571 1.00364
24.29788 23.50413 1.94510 1.00364
24.29788 23.50413 1.94510 1.00364
24.29912 23.50413 1.94450 1.00364
24.29912 23.50413 1.94450 1.00364
24.30036 23.50413 1.94391 1.00364
24.30036 23.50413 1.94391 1.00364
24.30159 23.50413 1.94333 1.00364
24.30159 23.50413 1.94333 1.00364
24.30282 23.50413 1.94275 1.00364
24.30282 23.50413 1.94275 1.00364
24.30406 23.50413 1.94217 1.00364
24.30406 23.50413 1.94217 1.00364
24.30529 23.50413 1.94160 1.00364
24.30529 23.50413 1.94160 1.00364
24.30653 23.50413 1.94103 1.00364
24.30653 23.50413 1.94103 1.00364
24.30776 23.50413 1.94047 1.00364
24.30776 23.50413 1.94047 1.00364
24.30899 23.50413 1.93992 1.00364
24.30899 23.50413 1.93992 1.00364
24.31022 23.50413 1.93937 1.00364
24.31022 23.50413 1.93937 1.00364
24.31145 23.50413 1.93882 1.00364
24.31145 23.50413 1.93882 1.00364
24.31268 23.50413 1.93828 1.00364
24.31268 23.50413 1.93828 1.00364
24.31391 23.50413 1.93774 1.00364
24.31391 23.50413 1.93774 1.00364
24.31514 23.50413 1.93721 1.00364
24.31514 23.50413 1.93721 1.00364
24.31637 23.50413 1.93668 1.00364
24.31637 23.50413 1.93668 1.00364
24.31760 23.50413 1.93615 1.00364
24.31760 23.50413 1.93615 1.00364
24.31882 23.50413 1.93562 1.00364
24.31882 23.50413 1.93562 1.00364
24.32005 23.50413 1.93509 1.00364
24.32005 23.50413 1.93509 1.00364
24.32128 23.50413 1.93457 1.00364
24.32128 23.50413 1.93457 1.00364
24.32250 23.50413 1.93405 1.00364
24.32250 23.50413 1.93405 1.00364
24.32373 23.50413 1.93352 1.00364
24.32373 23.50413 1.93352 1.00364
24.32496 23.50413 1.93300 1.00364
24.32496 23.50413 1.93300 1.00364
24.32618 23.50413 1.93248 1.00364
24.32618 23.50413 1.93248 1.00364
24.32740 23.50413 1.93196 1.00364
24.32740 23.50413 1.93196 1.00364
24.32863 23.50413 1.93144 1.00364
24.32863 23.50413 1.93144 1.00364
24.32985 23.50413 1.93092 1.00364
24.32985 23.50413 1.93092 1.00364
24.33107 23.50413 1.93040 1.00364
24.33107 23.50413 1.93040 1.00364
24.33229 23.50413 1.92989 1.00364
24.33229 23.50413 1.92989 1.00364
24.33352 23.50413 1.92937 1.00364
24.33352 23.50413 1.92937 1.00364
24.33474 23.50413 1.92886 1.00364
24.33474 23.50413 1.92886 1.00364
24.33596 23.50413 1.92835 1.00364
24.33596 23.50413 1.92835 1.00364
24.33718 23.50413 1.92784 1.00364
24.33718 23.50413 1.92784 1.00364
24.33840 23.50413 1.92734 1.00364
24.33840 23.50413 1.92734 1.00364
24.33962 23.50413 1.92683 1.00364
24.33962 23.50413 1.92683 1.00364
24.34083 23.50413 1.92632 1.00364
24.34083 23.50413 1.92632 1.00364
24.34205 23.50413 1.92581 1.00364
24.34205 23.50413 1.92581 1.00364
24.34327 23.50413 1.92530 1.00364
24.34327 23.50413 1.92530 1.00364
24.34449 23.50413 1.92480 1.00364
24.34449 23.50413 1.92480 1.00364
24.34570 23.50413 1.92429 1.00364
24.34570 23.50413 1.92429 1.00364
24.34692 23.50413 1.92379 1.00364
24.34692 23.50413 1.92379 1.00364
24.34813 23.50413 1.92328 1.00364
24.34813 23.50413 1.92328 1.00364
24.34935 23.50413 1.92277 1.00364
24.34935 23.50413 1.92277 1.00364
24.35056 23.50413 1.92227 1.00364
24.35056 23.50413 1.92227 1.00364
24.35178 23.50413 1.92176 1.00364
24.35178 23.50413 1.92176 1.00364
24.35299 23.50413 1.92125 1.00364
24.35299 23.50413 1.92125 1.00364
24.35420 23.50413 1.92075 1.00364
24.35420 23.50413 1.92075 1.00364
24.35541 23.50413 1.92024 1.00364
24.35541 23.50413 1.92024 1.00364
24.35662 23.50413 1.91974 1.00364
24.35662 23.50413 1.91974 1.00364
24.35784 23.50413 1.91923 1.00364
24.35784 23.50413 1.91923 1.00364
24.35905 23.50413 1.91873 1.00364
24.35905 23.50413 1.91873 1.00364
24.36026 23.50413 1.91822 1.00364
24.36026 23.50413 1.91822 1.00364
24.36147 23.50413 1.91771 1.00364
24.36147 23.50413 1.91771 1.00364
24.36267 23.50413 1.91720 1.00364
24.36267 23.50413 1.91720 1.00364
24.36388 23.50413 1.91670 1.00364
24.36388 23.50413 1.91670 1.00364
24.36509 23.50413 1.91619 1.00364
24.36509 23.50413 1.91619 1.00364
24.36630 23.50413 1.91568 1.00364
24.36630 23.50413 1.91568 1.00364
24.36750 23.50413 1.91518 1.00364
24.36750 23.50413 1.91518 1.00364
24.36871 23.50413 1.91467 1.00364
24.36871 23.50413 1.91467 1.00364
24.36992 23.50413 1.91416 1.00364
24.36992 23.50413 1.91416 1.00364
24.37112 23.50413 1.91365 1.00364
24.37112 23.50413 1.91365 1.00364
24.37233 23.50413 1.91314 1.00364
24.37233 23.50413 1.91314 1.00364
24.37353 23.50413 1.91263 1.00364
24.37353 23.50413 1.91263 1.00364
24.37473 23.50413 1.91212 1.00364
24.37473 23.50413 1.91212 1.00364
24.37594 23.50413 1.91161 1.00364
24.37594 23.50413 1.91161 1.00364
24.37714 23.50413 1.91111 1.00364
24.37714 23.50413 1.91111 1.00364
24.37834 23.50413 1.91060 1.00364
24.37834 23.50413 1.91060 1.00364
24.37954 23.50413 1.91009 1.00364
24.37954 23.50413 1.91009 1.00364
24.38074 23.50413 1.90958 1.00364
24.38074 23.50413 1.90958 1.00364
24.38194 23.50413 1.90906 1.00364
24.38194 23.50413 1.90906 1.00364
24.38314 23.50413 1.90855 1.00364
24.38314 23.50413 1.90855 1.00364
24.38434 23.50413 1.90804 1.00364
24.38434 23.50413 1.90804 1.00364
24.38554 23.50413 1.90753 1.00364
24.38554 23.50413 1.90753 1.00364
24.38674 23.50413 1.90702 1.00364
24.38674 23.50413 1.90702 1.00364
24.38793 23.50413 1.90651 1.00364
24.38793 23.50413 1.90651 1.00364
24.38913 23.50413 1.90600 1.00364
24.38913 23.50413 1.90600 1.00364
24.39033 23.50413 1.90549 1.00364
24.39033 23.50413 1.90549 1.00364
24.39152 23.50413 1.90498 1.00364
24.39152 23.50413 1.90498 1.00364
24.39272 23.50413 1.90447 1.00364
24.39272 23.50413 1.90447 1.00364
24.39391 23.50413 1.90396 1.00364
24.39391 23.50413 1.90396 1.00364
24.39511 23.50413 1.90345 1.00364
24.39511 23.50413 1.90345 1.00364
24.39630 23.50413 1.90294 1.00364
24.39630 23.50413 1.90294 1.00364
24.39757 23.50413 1.90742 1.00364
24.39757 23.50413 1.90742 1.00364
24.39893 23.50413 1.91079 1.00364
24.39893 23.50413 1.91079 1.00364
24.40029 23.50413 1.91404 1.00364
24.40029 23.50413 1.91404 1.00364
24.40165 23.50413 1.91722 1.00364
24.40165 23.50413 1.91722 1.00364
24.40301 23.50413 1.92037 1.00364
24.40301 23.50413 1.92037 1.00364
24.40437 23.50413 1.92349 1.00364
24.40437 23.50413 1.92349 1.00364
24.40572 23.50413 1.92659 1.00364
24.40572 23.50413 1.92659 1.00364
24.40707 23.50413 1.92965 1.00364
24.40707 23.50413 1.92965 1.00364
24.40843 23.50413 1.93265 1.00364
24.40843 23.50413 1.93265 1.00364
24.40978 23.50413 1.93561 1.00364
24.40978 23.50413 1.93561 1.00364
24.41113 23.50413 1.93854 1.00364
24.41113 23.50413 1.93854 1.00364
24.41249 23.50413 1.94143 1.00364
24.41249 23.50413 1.94143 1.00364
24.41385 23.50413 1.94426 1.00364
24.41385 23.50413 1.94426 1.00364
24.41522 23.50413 1.94703 1.00364
24.41522 23.50413 1.94703 1.00364
24.41658 23.50413 1.94975 1.00364
24.41658 23.50413 1.94975 1.00364
24.41794 23.50413 1.95243 1.00364
24.41794 23.50413 1.95243 1.00364
24.41930 23.50413 1.95507 1.00364
24.41930 23.50413 1.95507 1.00364
24.42067 23.50413 1.95766 1.00364
24.42067 23.50413 1.95766 1.00364
24.42204 23.50413 1.96021 1.00364
24.42204 23.50413 1.96021 1.00364
24.42341 23.50413 1.96269 1.00364
24.42341 23.50413 1.96269 1.00364
24.42479 23.50413 1.96510 1.00364
24.42479 23.50413 1.96510 1.00364
24.42616 23.50413 1.96746 1.00364
24.42616 23.50413 1.96746 1.00364
24.42754 23.50413 1.96976 1.00364
24.42754 23.50413 1.96976 1.00364
24.42892 23.50413 1.97201 1.00364
24.42892 23.50413 1.97201 1.00364
24.43030 23.50413 1.97423 1.00364
24.43030 23.50413 1.97423 1.00364
24.43168 23.50413 1.97641 1.00364
24.43168 23.50413 1.97641 1.00364
24.43306 23.50413 1.97855 1.00364
24.43306 23.50413 1.97855 1.00364
24.43445 23.50413 1.98064 1.00364
24.43445 23.50413 1.98064 1.00364
24.43584 23.50413 1.98268 1.00364
24.43584 23.50413 1.98268 1.00364
24.43723 23.50413 1.98467 1.00364
24.43723 23.50413 1.98467 1.00364
24.43862 23.50413 1.98663 1.00364
24.43862 23.50413 1.98663 1.00364
24.44002 23.50413 1.98853 1.00364
24.44002 23.50413 1.98853 1.00364
24.44134 23.50413 1.98722 1.00364
24.44134 23.50413 1.98722 1.00364
24.44264 23.50413 1.98628 1.00364
24.44264 23.50413 1.98628 1.00364
24.44394 23.50413 1.98535 1.00364
24.44394 23.50413 1.98535 1.00364
24.44524 23.50413 1.98443 1.00364
24.44524 23.50413 1.98443 1.00364
24.44654 23.50413 1.98351 1.00364
24.44654 23.50413 1.98351 1.00364
24.44783 23.50413 1.98259 1.00364
24.44783 23.50413 1.98259 1.00364
24.44913 23.50413 1.98168 1.00364
24.44913 23.50413 1.98168 1.00364
24.45042 23.50413 1.98076 1.00364
24.45042 23.50413 1.98076 1.00364
24.45172 23.50413 1.97985 1.00364
24.45172 23.50413 1.97985 1.00364
24.45301 23.50413 1.97895 1.00364
24.45301 23.50413 1.97895 1.00364
24.45430 23.50413 1.97805 1.00364
24.45430 23.50413 1.97805 1.00364
24.45559 23.50413 1.97715 1.00364
24.45559 23.50413 1.97715 1.00364
24.45688 23.50413 1.97626 1.00364
24.45688 23.50413 1.97626 1.00364
24.45817 23.50413 1.97538 1.00364
24.45817 23.50413 1.97538 1.00364
24.45946 23.50413 1.97450 1.00364
24.45946 23.50413 1.97450 1.00364
24.46075 23.50413 1.97363 1.00364
24.46075 23.50413 1.97363 1.00364
24.46203 23.50413 1.97276 1.00364
24.46203 23.50413 1.97276 1.00364
24.46332 23.50413 1.97189 1.00364
24.46332 23.50413 1.97189 1.00364
24.46460 23.50413 1.97103 1.00364
24.46460 23.50413 1.97103 1.00364
24.46589 23.50413 1.97017 1.00364
24.46589 23.50413 1.97017 1.00364
24.46717 23.50413 1.96933 1.00364
24.46717 23.50413 1.96933 1.00364
24.46845 23.50413 1.96849 1.00364
24.46845 23.50413 1.96849 1.00364
24.46973 23.50413 1.96766 1.00364
24.46973 23.50413 1.96766 1.00364
24.47100 23.50413 1.96684 1.00364
24.47100 23.50413 1.96684 1.00364
24.47228 23.50413 1.96602 1.00364
24.47228 23.50413 1.96602 1.00364
24.47356 23.50413 1.96520 1.00364
24.47356 23.50413 1.96520 1.00364
24.47484 23.50413 1.96439 1.00364
24.47484 23.50413 1.96439 1.00364
24.47611 23.50413 1.96358 1.00364
24.47611 23.50413 1.96358 1.00364
24.47738 23.50413 1.96278 1.00364
24.47738 23.50413 1.96278 1.00364
24.47865 23.50413 1.96199 1.00364
24.47865 23.50413 1.96199 1.00364
24.47993 23.50413 1.96121 1.00364
24.47993 23.50413 1.96121 1.00364
24.48120 23.50413 1.96043 1.00364
24.48120 23.50413 1.96043 1.00364
24.48247 23.50413 1.95965 1.00364
24.48247 23.50413 1.95965 1.00364
24.48374 23.50413 1.95888 1.00364
24.48374 23.50413 1.95888 1.00364
24.48500 23.50413 1.95811 1.00364
24.48500 23.50413 1.95811 1.00364
24.48627 23.50413 1.95734 1.00364
24.48627 23.50413 1.95734 1.00364
24.48754 23.50413 1.95659 1.00364
24.48754 23.50413 1.95659 1.00364
24.48880 23.50413 1.95583 1.00364
24.48880 23.50413 1.95583 1.00364
24.49007 23.50413 1.95509 1.00364
24.49007 23.50413 1.95509 1.00364
24.49133 23.50413 1.95434 1.00364
24.49133 23.50413 1.95434 1.00364
24.49259 23.50413 1.95360 1.00364
24.49259 23.50413 1.95360 1.00364
24.49385 23.50413 1.95287 1.00364
24.49385 23.50413 1.95287 1.00364
24.49511 23.50413 1.95214 1.00364
24.49511 23.50413 1.95214 1.00364
24.49637 23.50413 1.95141 1.00364
24.49637 23.50413 1.95141 1.00364
24.49763 23.50413 1.95069 1.00364
24.49763 23.50413 1.95069 1.00364
24.49889 23.50413 1.94998 1.00364
24.49889 23.50413 1.94998 1.00364
24.50015 23.50413 1.94927 1.00364
24.50015 23.50413 1.94927 1.00364
24.50141 23.50413 1.94856 1.00364
24.50141 23.50413 1.94856 1.00364
24.50266 23.50413 1.94786 1.00364
24.50266 23.50413 1.94786 1.00364
24.50392 23.50413 1.94716 1.00364
24.50392 23.50413 1.94716 1.00364
24.50517 23.50413 1.94647 1.00364
24.50517 23.50413 1.94647 1.00364
24.50643 23.50413 1.94577 1.00364
24.50643 23.50413 1.94577 1.00364
24.50768 23.50413 1.94508 1.00364
24.50768 23.50413 1.94508 1.00364
24.50893 23.50413 1.94439 1.00364
24.50893 23.50413 1.94439 1.00364
24.51018 23.50413 1.94371 1.00364
24.51018 23.50413 1.94371 1.00364
24.51144 23.50413 1.94303 1.00364
24.51144 23.50413 1.94303 1.00364
24.51269 23.50413 1.94236 1.00364
24.51269 23.50413 1.94236 1.00364
24.51393 23.50413 1.94169 1.00364
24.51393 23.50413 1.94169 1.00364
24.51518 23.50413 1.94103 1.00364
24.51518 23.50413 1.94103 1.00364
24.51643 23.50413 1.94036 1.00364
24.51643 23.50413 1.94036 1.00364
24.51768 23.50413 1.93971 1.00364
24.51768 23.50413 1.93971 1.00364
24.51893 23.50413 1.93905 1.00364
24.51893 23.50413 1.93905 1.00364
24.52017 23.50413 1.93839 1.00364
24.52017 23.50413 1.93839 1.00364
24.52142 23.50413 1.93775 1.00364
24.52142 23.50413 1.93775 1.00364
24.52266 23.50413 1.93710 1.00364
24.52266 23.50413 1.93710 1.00364
24.52391 23.50413 1.93646 1.00364
24.52391 23.50413 1.93646 1.00364
24.52515 23.50413 1.93581 1.00364
24.52515 23.50413 1.93581 1.00364
24.52639 23.50413 1.93517 1.00364
24.52639 23.50413 1.93517 1.00364
24.52763 23.50413 1.93453 1.00364
24.52763 23.50413 1.93453 1.00364
24.52887 23.50413 1.93389 1.00364
24.52887 23.50413 1.93389 1.00364
24.53011 23.50413 1.93326 1.00364
24.53011 23.50413 1.93326 1.00364
24.53135 23.50413 1.93262 1.00364
24.53135 23.50413 1.93262 1.00364
24.53259 23.50413 1.93200 1.00364
24.53259 23.50413 1.93200 1.00364
24.53383 23.50413 1.93137 1.00364
24.53383 23.50413 1.93137 1.00364
24.53506 23.50413 1.93075 1.00364
24.53506 23.50413 1.93075 1.00364
24.53630 23.50413 1.93013 1.00364
24.53630 23.50413 1.93013 1.00364
24.53753 23.50413 1.92951 1.00364
24.53753 23.50413 1.92951 1.00364
24.53877 23.50413 1.92889 1.00364
24.53877 23.50413 1.92889 1.00364
24.54000 23.50413 1.92828 1.00364
24.54000 23.50413 1.92828 1.00364
24.54123 23.50413 1.92767 1.00364
24.54123 23.50413 1.92767 1.00364
24.54247 23.50413 1.92706 1.00364
24.54247 23.50413 1.92706 1.00364
24.54370 23.50413 1.92645 1.00364
24.54370 23.50413 1.92645 1.00364
24.54493 23.50413 1.92585 1.00364
24.54493 23.50413 1.92585 1.00364
24.54616 23.50413 1.92524 1.00364
24.54616 23.50413 1.92524 1.00364
24.54739 23.50413 1.92464 1.00364
24.54739 23.50413 1.92464 1.00364
24.54862 23.50413 1.92403 1.00364
24.54862 23.50413 1.92403 1.00364
24.54984 23.50413 1.92343 1.00364
24.54984 23.50413 1.92343 1.00364
24.55107 23.50413 1.92283 1.00364
24.55107 23.50413 1.92283 1.00364
24.57081 23.50413 1.91336 1.00364
24.57081 23.50413 1.91336 1.00364
24.57202 23.50413 1.91285 1.00364
24.57202 23.50413 1.91285 1.00364
24.57323 23.50413 1.91243 1.00364
24.57323 23.50413 1.91243 1.00364
24.57444 23.50413 1.91200 1.00364
24.57444 23.50413 1.91200 1.00364
24.57565 23.50413 1.91153 1.00364
24.57565 23.50413 1.91153 1.00364
24.57686 23.50413 1.91105 1.00364
24.57686 23.50413 1.91105 1.00364
24.57807 23.50413 1.91055 1.00364
24.57807 23.50413 1.91055 1.00364
24.57928 23.50413 1.91004 1.00364
24.57928 23.50413 1.91004 1.00364
24.58049 23.50413 1.90952 1.00364
24.58049 23.50413 1.90952 1.00364
24.58170 23.50413 1.90899 1.00364
24.58170 23.50413 1.90899 1.00364
24.58291 23.50413 1.90845 1.00364
24.58291 23.50413 1.90845 1.00364
24.58412 23.50413 1.90790 1.00364
24.58412 23.50413 1.90790 1.00364
24.58533 23.50413 1.90735 1.00364
24.58533 23.50413 1.90735 1.00364
24.58653 23.50413 1.90679 1.00364
24.58653 23.50413 1.90679 1.00364
24.58774 23.50413 1.90622 1.00364
24.58774 23.50413 1.90622 1.00364
24.58895 23.50413 1.90565 1.00364
24.58895 23.50413 1.90565 1.00364
24.59016 23.50413 1.90507 1.00364
24.59016 23.50413 1.90507 1.00364
24.59136 23.50413 1.90449 1.00364
24.59136 23.50413 1.90449 1.00364
24.59257 23.50413 1.90391 1.00364
24.59257 23.50413 1.90391 1.00364
24.59377 23.50413 1.90332 1.00364
24.59377 23.50413 1.90332 1.00364
24.59498 23.50413 1.90274 1.00364
24.59498 23.50413 1.90274 1.00364
24.59618 23.50413 1.90214 1.00364
24.59618 23.50413 1.90214 1.00364
24.59738 23.50413 1.90155 1.00364
24.59738 23.50413 1.90155 1.00364
24.59859 23.50413 1.90096 1.00364
24.59859 23.50413 1.90096 1.00364
24.59979 23.50413 1.90036 1.00364
24.59979 23.50413 1.90036 1.00364
24.60099 23.50413 1.89976 1.00364
24.60099 23.50413 1.89976 1.00364
24.60219 23.50413 1.89916 1.00364
24.60219 23.50413 1.89916 1.00364
24.60339 23.50413 1.89856 1.00364
24.60339 23.50413 1.89856 1.00364
24.60459 23.50413 1.89796 1.00364
24.60459 23.50413 1.89796 1.00364
24.60579 23.50413 1.89736 1.00364
24.60579 23.50413 1.89736 1.00364
24.60699 23.50413 1.89676 1.00364
24.60699 23.50413 1.89676 1.00364
24.60819 23.50413 1.89615 1.00364
24.60819 23.50413 1.89615 1.00364
24.60938 23.50413 1.89555 1.00364
24.60938 23.50413 1.89555 1.00364
24.61058 23.50413 1.89495 1.00364
24.61058 23.50413 1.89495 1.00364
24.61178 23.50413 1.89436 1.00364
24.61178 23.50413 1.89436 1.00364
24.61297 23.50413 1.89376 1.00364
24.61297 23.50413 1.89376 1.00364
24.61425 23.50413 1.89783 1.00364
24.61425 23.50413 1.89783 1.00364
24.61562 23.50413 1.90080 1.00364
24.61562 23.50413 1.90080 1.00364
24.61699 23.50413 1.90369 1.00364
24.61699 23.50413 1.90369 1.00364
24.61837 23.50413 1.90653 1.00364
24.61837 23.50413 1.90653 1.00364
24.61974 23.50413 1.90934 1.00364
24.61974 23.50413 1.90934 1.00364
24.62111 23.50413 1.91212 1.00364
24.62111 23.50413 1.91212 1.00364
24.62249 23.50413 1.91487 1.00364
24.62249 23.50413 1.91487 1.00364
24.62386 23.50413 1.91759 1.00364
24.62386 23.50413 1.91759 1.00364
24.62523 23.50413 1.92029 1.00364
24.62523 23.50413 1.92029 1.00364
24.62660 23.50413 1.92295 1.00364
24.62660 23.50413 1.92295 1.00364
24.62796 23.50413 1.92557 1.00364
24.62796 23.50413 1.92557 1.00364
24.62934 23.50413 1.92819 1.00364
24.62934 23.50413 1.92819 1.00364
24.63071 23.50413 1.93074 1.00364
24.63071 23.50413 1.93074 1.00364
24.63208 23.50413 1.93326 1.00364
24.63208 23.50413 1.93326 1.00364
24.63346 23.50413 1.93572 1.00364
24.63346 23.50413 1.93572 1.00364
24.63484 23.50413 1.93814 1.00364
24.63484 23.50413 1.93814 1.00364
24.63621 23.50413 1.94053 1.00364
24.63621 23.50413 1.94053 1.00364
24.63759 23.50413 1.94288 1.00364
24.63759 23.50413 1.94288 1.00364
24.63897 23.50413 1.94520 1.00364
24.63897 23.50413 1.94520 1.00364
24.64035 23.50413 1.94745 1.00364
24.64035 23.50413 1.94745 1.00364
24.64174 23.50413 1.94965 1.00364
24.64174 23.50413 1.94965 1.00364
24.64313 23.50413 1.95180 1.00364
24.64313 23.50413 1.95180 1.00364
24.64451 23.50413 1.95391 1.00364
24.64451 23.50413 1.95391 1.00364
24.64581 23.50413 1.95270 1.00364
24.64581 23.50413 1.95270 1.00364
24.64708 23.50413 1.95184 1.00364
24.64708 23.50413 1.95184 1.00364
24.64834 23.50413 1.95097 1.00364
24.64834 23.50413 1.95097 1.00364
24.64961 23.50413 1.95011 1.00364
24.64961 23.50413 1.95011 1.00364
24.65087 23.50413 1.94925 1.00364
24.65087 23.50413 1.94925 1.00364
24.65213 23.50413 1.94838 1.00364
24.65213 23.50413 1.94838 1.00364
24.65340 23.50413 1.94751 1.00364
24.65340 23.50413 1.94751 1.00364
24.65466 23.50413 1.94665 1.00364
24.65466 23.50413 1.94665 1.00364
24.65592 23.50413 1.94578 1.00364
24.65592 23.50413 1.94578 1.00364
24.65719 23.50413 1.94492 1.00364
24.65719 23.50413 1.94492 1.00364
24.65845 23.50413 1.94405 1.00364
24.65845 23.50413 1.94405 1.00364
24.65971 23.50413 1.94319 1.00364
24.65971 23.50413 1.94319 1.00364
24.66097 23.50413 1.94233 1.00364
24.66097 23.50413 1.94233 1.00364
24.66223 23.50413 1.94148 1.00364
24.66223 23.50413 1.94148 1.00364
24.66348 23.50413 1.94064 1.00364
24.66348 23.50413 1.94064 1.00364
24.66474 23.50413 1.93980 1.00364
24.66474 23.50413 1.93980 1.00364
24.66600 23.50413 1.93896 1.00364
24.66600 23.50413 1.93896 1.00364
24.66725 23.50413 1.93813 1.00364
24.66725 23.50413 1.93813 1.00364
24.66850 23.50413 1.93731 1.00364
24.66850 23.50413 1.93731 1.00364
24.66975 23.50413 1.93649 1.00364
24.66975 23.50413 1.93649 1.00364
24.67100 23.50413 1.93568 1.00364
24.67100 23.50413 1.93568 1.00364
24.67225 23.50413 1.93488 1.00364
24.67225 23.50413 1.93488 1.00364
24.67350 23.50413 1.93408 1.00364
24.67350 23.50413 1.93408 1.00364
24.67475 23.50413 1.93328 1.00364
24.67475 23.50413 1.93328 1.00364
24.67599 23.50413 1.93249 1.00364
24.67599 23.50413 1.93249 1.00364
24.67724 23.50413 1.93170 1.00364
24.67724 23.50413 1.93170 1.00364
24.67848 23.50413 1.93092 1.00364
24.67848 23.50413 1.93092 1.00364
24.67973 23.50413 1.93015 1.00364
24.67973 23.50413 1.93015 1.00364
24.68097 23.50413 1.92938 1.00364
24.68097 23.50413 1.92938 1.00364
24.68221 23.50413 1.92862 1.00364
24.68221 23.50413 1.92862 1.00364
24.68345 23.50413 1.92786 1.00364
24.68345 23.50413 1.92786 1.00364
24.68469 23.50413 1.92710 1.00364
24.68469 23.50413 1.92710 1.00364
24.68593 23.50413 1.92635 1.00364
24.68593 23.50413 1.92635 1.00364
24.68716 23.50413 1.92560 1.00364
24.68716 23.50413 1.92560 1.00364
24.68840 23.50413 1.92486 1.00364
24.68840 23.50413 1.92486 1.00364
24.68963 23.50413 1.92412 1.00364
24.68963 23.50413 1.92412 1.00364
24.69087 23.50413 1.92339 1.00364
24.69087 23.50413 1.92339 1.00364
24.69210 23.50413 1.92266 1.00364
24.69210 23.50413 1.92266 1.00364
24.69333 23.50413 1.92193 1.00364
24.69333 23.50413 1.92193 1.00364
24.69457 23.50413 1.92121 1.00364
24.69457 23.50413 1.92121 1.00364
24.69580 23.50413 1.92049 1.00364
24.69580 23.50413 1.92049 1.00364
24.69703 23.50413 1.91978 1.00364
24.69703 23.50413 1.91978 1.00364
24.69826 23.50413 1.91906 1.00364
24.69826 23.50413 1.91906 1.00364
24.69949 23.50413 1.91835 1.00364
24.69949 23.50413 1.91835 1.00364
24.70071 23.50413 1.91764 1.00364
24.70071 23.50413 1.91764 1.00364
24.70194 23.50413 1.91694 1.00364
24.70194 23.50413 1.91694 1.00364
24.70316 23.50413 1.91625 1.00364
24.70316 23.50413 1.91625 1.00364
24.70439 23.50413 1.91556 1.00364
24.70439 23.50413 1.91556 1.00364
24.70561 23.50413 1.91487 1.00364
24.70561 23.50413 1.91487 1.00364
24.70683 23.50413 1.91419 1.00364
24.70683 23.50413 1.91419 1.00364
24.70806 23.50413 1.91350 1.00364
24.70806 23.50413 1.91350 1.00364
24.70928 23.50413 1.91282 1.00364
24.70928 23.50413 1.91282 1.00364
24.71050 23.50413 1.91214 1.00364
24.71050 23.50413 1.91214 1.00364
24.71172 23.50413 1.91146 1.00364
24.71172 23.50413 1.91146 1.00364
24.71294 23.50413 1.91079 1.00364
24.71294 23.50413 1.91079 1.00364
24.71416 23.50413 1.91012 1.00364
24.71416 23.50413 1.91012 1.00364
24.71537 23.50413 1.90945 1.00364
24.71537 23.50413 1.90945 1.00364
24.71659 23.50413 1.90878 1.00364
24.71659 23.50413 1.90878 1.00364
24.71781 23.50413 1.90812 1.00364
24.71781 23.50413 1.90812 1.00364
24.71902 23.50413 1.90746 1.00364
24.71902 23.50413 1.90746 1.00364
24.72024 23.50413 1.90680 1.00364
24.72024 23.50413 1.90680 1.00364
24.72145 23.50413 1.90614 1.00364
24.72145 23.50413 1.90614 1.00364
24.72275 23.50413 1.90999 1.00364
24.72275 23.50413 1.90999 1.00364
24.72413 23.50413 1.91279 1.00364
24.72413 23.50413 1.91279 1.00364
24.72551 23.50413 1.91550 1.00364
24.72551 23.50413 1.91550 1.00364
24.72689 23.50413 1.91820 1.00364
24.72689 23.50413 1.91820 1.00364
24.72827 23.50413 1.92088 1.00364
24.72827 23.50413 1.92088 1.00364
24.72966 23.50413 1.92354 1.00364
24.72966 23.50413 1.92354 1.00364
24.73103 23.50413 1.92621 1.00364
24.73103 23.50413 1.92621 1.00364
24.73241 23.50413 1.92887 1.00364
24.73241 23.50413 1.92887 1.00364
24.73378 23.50413 1.93151 1.00364
24.73378 23.50413 1.93151 1.00364
24.73516 23.50413 1.93414 1.00364
24.73516 23.50413 1.93414 1.00364
24.73654 23.50413 1.93674 1.00364
24.73654 23.50413 1.93674 1.00364
24.73791 23.50413 1.93930 1.00364
24.73791 23.50413 1.93930 1.00364
24.73929 23.50413 1.94183 1.00364
24.73929 23.50413 1.94183 1.00364
24.74067 23.50413 1.94432 1.00364
24.74067 23.50413 1.94432 1.00364
24.74205 23.50413 1.94678 1.00364
24.74205 23.50413 1.94678 1.00364
24.74343 23.50413 1.94922 1.00364
24.74343 23.50413 1.94922 1.00364
24.74481 23.50413 1.95161 1.00364
24.74481 23.50413 1.95161 1.00364
24.74619 23.50413 1.95396 1.00364
24.74619 23.50413 1.95396 1.00364
24.74758 23.50413 1.95627 1.00364
24.74758 23.50413 1.95627 1.00364
24.74896 23.50413 1.95854 1.00364
24.74896 23.50413 1.95854 1.00364
24.75034 23.50413 1.96077 1.00364
24.75034 23.50413 1.96077 1.00364
24.75165 23.50413 1.95958 1.00364
24.75165 23.50413 1.95958 1.00364
24.75293 23.50413 1.95872 1.00364
24.75293 23.50413 1.95872 1.00364
24.75420 23.50413 1.95788 1.00364
24.75420 23.50413 1.95788 1.00364
24.75548 23.50413 1.95703 1.00364
24.75548 23.50413 1.95703 1.00364
24.75676 23.50413 1.95618 1.00364
24.75676 23.50413 1.95618 1.00364
24.75803 23.50413 1.95533 1.00364
24.75803 23.50413 1.95533 1.00364
24.75931 23.50413 1.95448 1.00364
24.75931 23.50413 1.95448 1.00364
24.76059 23.50413 1.95364 1.00364
24.76059 23.50413 1.95364 1.00364
24.76186 23.50413 1.95279 1.00364
24.76186 23.50413 1.95279 1.00364
24.76314 23.50413 1.95194 1.00364
24.76314 23.50413 1.95194 1.00364
24.76441 23.50413 1.95110 1.00364
24.76441 23.50413 1.95110 1.00364
24.76568 23.50413 1.95026 1.00364
24.76568 23.50413 1.95026 1.00364
24.76695 23.50413 1.94943 1.00364
24.76695 23.50413 1.94943 1.00364
24.76822 23.50413 1.94859 1.00364
24.76822 23.50413 1.94859 1.00364
24.76949 23.50413 1.94777 1.00364
24.76949 23.50413 1.94777 1.00364
24.77076 23.50413 1.94694 1.00364
24.77076 23.50413 1.94694 1.00364
24.77203 23.50413 1.94612 1.00364
24.77203 23.50413 1.94612 1.00364
24.77330 23.50413 1.94531 1.00364
24.77330 23.50413 1.94531 1.00364
24.77456 23.50413 1.94450 1.00364
24.77456 23.50413 1.94450 1.00364
24.77583 23.50413 1.94370 1.00364
24.77583 23.50413 1.94370 1.00364
24.77709 23.50413 1.94290 1.00364
24.77709 23.50413 1.94290 1.00364
24.77835 23.50413 1.94211 1.00364
24.77835 23.50413 1.94211 1.00364
24.77962 23.50413 1.94132 1.00364
24.77962 23.50413 1.94132 1.00364
24.78088 23.50413 1.94052 1.00364
24.78088 23.50413 1.94052 1.00364
24.78214 23.50413 1.93974 1.00364
24.78214 23.50413 1.93974 1.00364
24.78340 23.50413 1.93896 1.00364
24.78340 23.50413 1.93896 1.00364
24.78466 23.50413 1.93819 1.00364
24.78466 23.50413 1.93819 1.00364
24.78591 23.50413 1.93741 1.00364
24.78591 23.50413 1.93741 1.00364
24.78717 23.50413 1.93665 1.00364
24.78717 23.50413 1.93665 1.00364
24.78843 23.50413 1.93588 1.00364
24.78843 23.50413 1.93588 1.00364
24.78968 23.50413 1.93512 1.00364
24.78968 23.50413 1.93512 1.00364
24.79093 23.50413 1.93437 1.00364
24.79093 23.50413 1.93437 1.00364
24.79219 23.50413 1.93362 1.00364
24.79219 23.50413 1.93362 1.00364
24.79344 23.50413 1.93286 1.00364
24.79344 23.50413 1.93286 1.00364
24.79469 23.50413 1.93211 1.00364
24.79469 23.50413 1.93211 1.00364
24.79594 23.50413 1.93137 1.00364
24.79594 23.50413 1.93137 1.00364
24.79719 23.50413 1.93063 1.00364
24.79719 23.50413 1.93063 1.00364
24.79844 23.50413 1.92989 1.00364
24.79844 23.50413 1.92989 1.00364
24.79968 23.50413 1.92916 1.00364
24.79968 23.50413 1.92916 1.00364
24.80093 23.50413 1.92843 1.00364
24.80093 23.50413 1.92843 1.00364
24.80218 23.50413 1.92771 1.00364
24.80218 23.50413 1.92771 1.00364
24.80342 23.50413 1.92700 1.00364
24.80342 23.50413 1.92700 1.00364
24.80467 23.50413 1.92628 1.00364
24.80467 23.50413 1.92628 1.00364
24.80591 23.50413 1.92557 1.00364
24.80591 23.50413 1.92557 1.00364
24.80715 23.50413 1.92486 1.00364
24.80715 23.50413 1.92486 1.00364
24.80839 23.50413 1.92415 1.00364
24.80839 23.50413 1.92415 1.00364
24.80964 23.50413 1.92344 1.00364
24.80964 23.50413 1.92344 1.00364
24.81088 23.50413 1.92273 1.00364
24.81088 23.50413 1.92273 1.00364
24.81212 23.50413 1.92203 1.00364
24.81212 23.50413 1.92203 1.00364
24.81335 23.50413 1.92133 1.00364
24.81335 23.50413 1.92133 1.00364
24.81459 23.50413 1.92064 1.00364
24.81459 23.50413 1.92064 1.00364
24.81583 23.50413 1.91995 1.00364
24.81583 23.50413 1.91995 1.00364
24.81707 23.50413 1.91926 1.00364
24.81707 23.50413 1.91926 1.00364
24.81830 23.50413 1.91857 1.00364
24.81830 23.50413 1.91857 1.00364
24.81954 23.50413 1.91789 1.00364
24.81954 23.50413 1.91789 1.00364
24.82077 23.50413 1.91721 1.00364
24.82077 23.50413 1.91721 1.00364
24.82200 23.50413 1.91653 1.00364
24.82200 23.50413 1.91653 1.00364
24.82323 23.50413 1.91586 1.00364
24.82323 23.50413 1.91586 1.00364
24.82446 23.50413 1.91519 1.00364
24.82446 23.50413 1.91519 1.00364
24.82569 23.50413 1.91452 1.00364
24.82569 23.50413 1.91452 1.00364
24.82692 23.50413 1.91385 1.00364
24.82692 23.50413 1.91385 1.00364
24.82815 23.50413 1.91318 1.00364
24.82815 23.50413 1.91318 1.00364
24.82938 23.50413 1.91251 1.00364
24.82938 23.50413 1.91251 1.00364
24.83060 23.50413 1.91184 1.00364
24.83060 23.50413 1.91184 1.00364
24.83183 23.50413 1.91118 1.00364
24.83183 23.50413 1.91118 1.00364
24.83306 23.50413 1.91052 1.00364
24.83306 23.50413 1.91052 1.00364
24.83428 23.50413 1.90986 1.00364
24.83428 23.50413 1.90986 1.00364
24.83550 23.50413 1.90921 1.00364
24.83550 23.50413 1.90921 1.00364
24.83673 23.50413 1.90855 1.00364
24.83673 23.50413 1.90855 1.00364
24.83795 23.50413 1.90790 1.00364
24.83795 23.50413 1.90790 1.00364
24.83917 23.50413 1.90725 1.00364
24.83917 23.50413 1.90725 1.00364
24.84039 23.50413 1.90660 1.00364
24.84039 23.50413 1.90660 1.00364
24.84161 23.50413 1.90596 1.00364
24.84161 23.50413 1.90596 1.00364
24.84283 23.50413 1.90531 1.00364
24.84283 23.50413 1.90531 1.00364
24.84405 23.50413 1.90467 1.00364
24.84405 23.50413 1.90467 1.00364
24.84527 23.50413 1.90403 1.00364
24.84527 23.50413 1.90403 1.00364
24.84648 23.50413 1.90339 1.00364
24.84648 23.50413 1.90339 1.00364
24.84770 23.50413 1.90275 1.00364
24.84770 23.50413 1.90275 1.00364
24.84891 23.50413 1.90211 1.00364
24.84891 23.50413 1.90211 1.00364
24.85013 23.50413 1.90147 1.00364
24.85013 23.50413 1.90147 1.00364
24.85134 23.50413 1.90084 1.00364
24.85134 23.50413 1.90084 1.00364
24.85256 23.50413 1.90020 1.00364
24.85256 23.50413 1.90020 1.00364
24.85377 23.50413 1.89957 1.00364
24.85377 23.50413 1.89957 1.00364
24.85498 23.50413 1.89894 1.00364
24.85498 23.50413 1.89894 1.00364
24.85619 23.50413 1.89831 1.00364
24.85619 23.50413 1.89831 1.00364
24.85740 23.50413 1.89768 1.00364
24.85740 23.50413 1.89768 1.00364
24.85861 23.50413 1.89705 1.00364
24.85861 23.50413 1.89705 1.00364
24.85982 23.50413 1.89642 1.00364
24.85982 23.50413 1.89642 1.00364
24.86103 23.50413 1.89579 1.00364
24.86103 23.50413 1.89579 1.00364
24.86224 23.50413 1.89516 1.00364
24.86224 23.50413 1.89516 1.00364
24.86344 23.50413 1.89453 1.00364
24.86344 23.50413 1.89453 1.00364
24.86465 23.50413 1.89391 1.00364
24.86465 23.50413 1.89391 1.00364
24.86585 23.50413 1.89328 1.00364
24.86585 23.50413 1.89328 1.00364
24.86706 23.50413 1.89266 1.00364
24.86706 23.50413 1.89266 1.00364
24.86826 23.50413 1.89203 1.00364
24.86826 23.50413 1.89203 1.00364
24.86946 23.50413 1.89141 1.00364
24.86946 23.50413 1.89141 1.00364
24.87067 23.50413 1.89079 1.00364
24.87067 23.50413 1.89079 1.00364
24.87187 23.50413 1.89016 1.00364
24.87187 23.50413 1.89016 1.00364
24.87307 23.50413 1.88954 1.00364
24.87307 23.50413 1.88954 1.00364
24.87427 23.50413 1.88892 1.00364
24.87427 23.50413 1.88892 1.00364
24.87547 23.50413 1.88830 1.00364
24.87547 23.50413 1.88830 1.00364
24.87667 23.50413 1.88768 1.00364
24.87667 23.50413 1.88768 1.00364
24.87786 23.50413 1.88706 1.00364
24.87786 23.50413 1.88706 1.00364
24.87906 23.50413 1.88644 1.00364
24.87906 23.50413 1.88644 1.00364
24.89828 23.50413 1.87633 1.00364
24.89828 23.50413 1.87633 1.00364
24.89946 23.50413 1.87587 1.00364
24.89946 23.50413 1.87587 1.00364
24.90063 23.50413 1.87539 1.00364
24.90063 23.50413 1.87539 1.00364
24.90181 23.50413 1.87490 1.00364
24.90181 23.50413 1.87490 1.00364
24.90298 23.50413 1.87440 1.00364
24.90298 23.50413 1.87440 1.00364
24.90416 23.50413 1.87388 1.00364
24.90416 23.50413 1.87388 1.00364
24.90533 23.50413 1.87336 1.00364
24.90533 23.50413 1.87336 1.00364
24.90651 23.50413 1.87282 1.00364
24.90651 23.50413 1.87282 1.00364
24.90768 23.50413 1.87228 1.00364
24.90768 23.50413 1.87228 1.00364
24.90886 23.50413 1.87174 1.00364
24.90886 23.50413 1.87174 1.00364
24.91003 23.50413 1.87118 1.00364
24.91003 23.50413 1.87118 1.00364
24.91121 23.50413 1.87062 1.00364
24.91121 23.50413 1.87062 1.00364
24.91238 23.50413 1.87005 1.00364
24.91238 23.50413 1.87005 1.00364
24.91355 23.50413 1.86948 1.00364
24.91355 23.50413 1.86948 1.00364
24.91473 23.50413 1.86890 1.00364
24.91473 23.50413 1.86890 1.00364
24.91590 23.50413 1.86833 1.00364
24.91590 23.50413 1.86833 1.00364
24.91707 23.50413 1.86775 1.00364
24.91707 23.50413 1.86775 1.00364
24.91824 23.50413 1.86717 1.00364
24.91824 23.50413 1.86717 1.00364
24.91941 23.50413 1.86658 1.00364
24.91941 23.50413 1.86658 1.00364
24.92058 23.50413 1.86599 1.00364
24.92058 23.50413 1.86599 1.00364
24.92175 23.50413 1.86540 1.00364
24.92175 23.50413 1.86540 1.00364
24.92292 23.50413 1.86481 1.00364
24.92292 23.50413 1.86481 1.00364
24.92409 23.50413 1.86422 1.00364
24.92409 23.50413 1.86422 1.00364
24.92526 23.50413 1.86363 1.00364
24.92526 23.50413 1.86363 1.00364
24.92643 23.50413 1.86304 1.00364
24.92643 23.50413 1.86304 1.00364
24.92759 23.50413 1.86245 1.00364
24.92759 23.50413 1.86245 1.00364
24.92876 23.50413 1.86186 1.00364
24.92876 23.50413 1.86186 1.00364
24.92992 23.50413 1.86127 1.00364
24.92992 23.50413 1.86127 1.00364
24.93109 23.50413 1.86067 1.00364
24.93109 23.50413 1.86067 1.00364
24.93225 23.50413 1.86008 1.00364
24.93225 23.50413 1.86008 1.00364
24.93341 23.50413 1.85949 1.00364
24.93341 23.50413 1.85949 1.00364
24.93458 23.50413 1.85889 1.00364
24.93458 23.50413 1.85889 1.00364
24.93574 23.50413 1.85830 1.00364
24.93574 23.50413 1.85830 1.00364
24.93690 23.50413 1.85770 1.00364
24.93690 23.50413 1.85770 1.00364
24.93806 23.50413 1.85711 1.00364
24.93806 23.50413 1.85711 1.00364
24.93922 23.50413 1.85651 1.00364
24.93922 23.50413 1.85651 1.00364
24.94038 23.50413 1.85592 1.00364
24.94038 23.50413 1.85592 1.00364
24.94154 23.50413 1.85532 1.00364
24.94154 23.50413 1.85532 1.00364
24.94269 23.50413 1.85473 1.00364
24.94269 23.50413 1.85473 1.00364
24.94385 23.50413 1.85413 1.00364
24.94385 23.50413 1.85413 1.00364
24.94501 23.50413 1.85354 1.00364
24.94501 23.50413 1.85354 1.00364
24.94616 23.50413 1.85294 1.00364
24.94616 23.50413 1.85294 1.00364
24.94732 23.50413 1.85235 1.00364
24.94732 23.50413 1.85235 1.00364
24.94847 23.50413 1.85175 1.00364
24.94847 23.50413 1.85175 1.00364
24.94962 23.50413 1.85116 1.00364
24.94962 23.50413 1.85116 1.00364
24.95078 23.50413 1.85057 1.00364
24.95078 23.50413 1.85057 1.00364
24.95193 23.50413 1.84998 1.00364
24.95193 23.50413 1.84998 1.00364
24.95308 23.50413 1.84938 1.00364
24.95308 23.50413 1.84938 1.00364
24.95423 23.50413 1.84879 1.00364
24.95423 23.50413 1.84879 1.00364
24.95538 23.50413 1.84820 1.00364
24.95538 23.50413 1.84820 1.00364
24.95653 23.50413 1.84761 1.00364
24.95653 23.50413 1.84761 1.00364
24.95768 23.50413 1.84702 1.00364
24.95768 23.50413 1.84702 1.00364
24.95882 23.50413 1.84643 1.00364
24.95882 23.50413 1.84643 1.00364
24.95997 23.50413 1.84584 1.00364
24.95997 23.50413 1.84584 1.00364
24.96112 23.50413 1.84525 1.00364
24.96112 23.50413 1.84525 1.00364
24.96226 23.50413 1.84466 1.00364
24.96226 23.50413 1.84466 1.00364
24.96341 23.50413 1.84407 1.00364
24.96341 23.50413 1.84407 1.00364
24.96455 23.50413 1.84349 1.00364
24.96455 23.50413 1.84349 1.00364
24.96569 23.50413 1.84290 1.00364
24.96569 23.50413 1.84290 1.00364
24.96683 23.50413 1.84231 1.00364
24.96683 23.50413 1.84231 1.00364
24.96798 23.50413 1.84173 1.00364
24.96798 23.50413 1.84173 1.00364
24.96912 23.50413 1.84114 1.00364
24.96912 23.50413 1.84114 1.00364
24.97026 23.50413 1.84056 1.00364
24.97026 23.50413 1.84056 1.00364
24.97140 23.50413 1.83997 1.00364
24.97140 23.50413 1.83997 1.00364
24.97254 23.50413 1.83939 1.00364
24.97254 23.50413 1.83939 1.00364
24.97367 23.50413 1.83881 1.00364
24.97367 23.50413 1.83881 1.00364
24.97481 23.50413 1.83823 1.00364
24.97481 23.50413 1.83823 1.00364
24.97595 23.50413 1.83765 1.00364
24.97595 23.50413 1.83765 1.00364
24.97708 23.50413 1.83707 1.00364
24.97708 23.50413 1.83707 1.00364
24.97822 23.50413 1.83649 1.00364
24.97822 23.50413 1.83649 1.00364
24.97935 23.50413 1.83591 1.00364
24.97935 23.50413 1.83591 1.00364
24.98049 23.50413 1.83533 1.00364
24.98049 23.50413 1.83533 1.00364
24.98162 23.50413 1.83475 1.00364
24.98162 23.50413 1.83475 1.00364
24.98275 23.50413 1.83418 1.00364
24.98275 23.50413 1.83418 1.00364
24.98388 23.50413 1.83360 1.00364
24.98388 23.50413 1.83360 1.00364
24.98502 23.50413 1.83302 1.00364
24.98502 23.50413 1.83302 1.00364
24.98615 23.50413 1.83245 1.00364
24.98615 23.50413 1.83245 1.00364
24.98728 23.50413 1.83188 1.00364
24.98728 23.50413 1.83188 1.00364
24.98840 23.50413 1.83130 1.00364
24.98840 23.50413 1.83130 1.00364
24.98953 23.50413 1.83073 1.00364
24.98953 23.50413 1.83073 1.00364
24.99066 23.50413 1.83016 1.00364
24.99066 23.50413 1.83016 1.00364
24.99179 23.50413 1.82958 1.00364
24.99179 23.50413 1.82958 1.00364
24.99291 23.50413 1.82901 1.00364
24.99291 23.50413 1.82901 1.00364
24.99404 23.50413 1.82844 1.00364
24.99404 23.50413 1.82844 1.00364
24.99516 23.50413 1.82787 1.00364
24.99516 23.50413 1.82787 1.00364
24.99629 23.50413 1.82730 1.00364
24.99629 23.50413 1.82730 1.00364
24.99741 23.50413 1.82674 1.00364
24.99741 23.50413 1.82674 1.00364
24.99853 23.50413 1.82617 1.00364
24.99853 23.50413 1.82617 1.00364
24.99965 23.50413 1.82560 1.00364
24.99965 23.50413 1.82560 1.00364
25.00077 23.50413 1.82503 1.00364
25.00077 23.50413 1.82503 1.00364
25.00189 23.50413 1.82447 1.00364
25.00189 23.50413 1.82447 1.00364
25.00301 23.50413 1.82390 1.00364
25.00301 23.50413 1.82390 1.00364
25.00413 23.50413 1.82334 1.00364
25.00413 23.50413 1.82334 1.00364
25.00525 23.50413 1.82277 1.00364
25.00525 23.50413 1.82277 1.00364
25.00637 23.50413 1.82221 1.00364
25.00637 23.50413 1.82221 1.00364
25.00748 23.50413 1.82164 1.00364
25.00748 23.50413 1.82164 1.00364
25.00860 23.50413 1.82108 1.00364
25.00860 23.50413 1.82108 1.00364
25.00972 23.50413 1.82052 1.00364
25.00972 23.50413 1.82052 1.00364
25.01083 23.50413 1.81996 1.00364
25.01083 23.50413 1.81996 1.00364
25.01194 23.50413 1.81939 1.00364
25.01194 23.50413 1.81939 1.00364
25.01306 23.50413 1.81883 1.00364
25.01306 23.50413 1.81883 1.00364
25.01417 23.50413 1.81827 1.00364
25.01417 23.50413 1.81827 1.00364
25.01528 23.50413 1.81771 1.00364
25.01528 23.50413 1.81771 1.00364
25.01639 23.50413 1.81715 1.00364
25.01639 23.50413 1.81715 1.00364
25.01750 23.50413 1.81659 1.00364
25.01750 23.50413 1.81659 1.00364
25.01861 23.50413 1.81603 1.00364
25.01861 23.50413 1.81603 1.00364
25.01972 23.50413 1.81547 1.00364
25.01972 23.50413 1.81547 1.00364
25.02083 23.50413 1.81491 1.00364
25.02083 23.50413 1.81491 1.00364
25.02194 23.50413 1.81435 1.00364
25.02194 23.50413 1.81435 1.00364
25.02304 23.50413 1.81380 1.00364
25.02304 23.50413 1.81380 1.00364
25.02415 23.50413 1.81324 1.00364
25.02415 23.50413 1.81324 1.00364
25.02526 23.50413 1.81268 1.00364
25.02526 23.50413 1.81268 1.00364
25.02636 23.50413 1.81211 1.00364
25.02636 23.50413 1.81211 1.00364
25.02747 23.50413 1.81155 1.00364
25.02747 23.50413 1.81155 1.00364
25.02857 23.50413 1.81099 1.00364
25.02857 23.50413 1.81099 1.00364
25.02967 23.50413 1.81042 1.00364
25.02967 23.50413 1.81042 1.00364
25.03077 23.50413 1.80986 1.00364
25.03077 23.50413 1.80986 1.00364
25.03188 23.50413 1.80930 1.00364
25.03188 23.50413 1.80930 1.00364
25.03298 23.50413 1.80874 1.00364
25.03298 23.50413 1.80874 1.00364
25.03408 23.50413 1.80817 1.00364
25.03408 23.50413 1.80817 1.00364
25.03518 23.50413 1.80761 1.00364
25.03518 23.50413 1.80761 1.00364
25.03628 23.50413 1.80705 1.00364
25.03628 23.50413 1.80705 1.00364
25.03737 23.50413 1.80649 1.00364
25.03737 23.50413 1.80649 1.00364
25.03847 23.50413 1.80593 1.00364
25.03847 23.50413 1.80593 1.00364
25.03967 23.50413 1.80986 1.00364
25.03967 23.50413 1.80986 1.00364
25.04096 23.50413 1.81271 1.00364
25.04096 23.50413 1.81271 1.00364
25.04226 23.50413 1.81549 1.00364
25.04226 23.50413 1.81549 1.00364
25.04355 23.50413 1.81823 1.00364
25.04355 23.50413 1.81823 1.00364
25.04485 23.50413 1.82096 1.00364
25.04485 23.50413 1.82096 1.00364
25.04600 23.50413 1.82001 1.00364
25.04600 23.50413 1.82001 1.00364
25.04711 23.50413 1.81935 1.00364
25.04711 23.50413 1.81935 1.00364
25.04822 23.50413 1.81870 1.00364
25.04822 23.50413 1.81870 1.00364
25.04932 23.50413 1.81806 1.00364
25.04932 23.50413 1.81806 1.00364
25.05043 23.50413 1.81743 1.00364
25.05043 23.50413 1.81743 1.00364
25.05154 23.50413 1.81680 1.00364
25.05154 23.50413 1.81680 1.00364
25.05264 23.50413 1.81617 1.00364
25.05264 23.50413 1.81617 1.00364
25.05375 23.50413 1.81555 1.00364
25.05375 23.50413 1.81555 1.00364
25.05485 23.50413 1.81493 1.00364
25.05485 23.50413 1.81493 1.00364
25.05596 23.50413 1.81431 1.00364
25.05596 23.50413 1.81431 1.00364
25.05706 23.50413 1.81369 1.00364
25.05706 23.50413 1.81369 1.00364
25.05816 23.50413 1.81306 1.00364
25.05816 23.50413 1.81306 1.00364
25.05927 23.50413 1.81244 1.00364
25.05927 23.50413 1.81244 1.00364
25.06037 23.50413 1.81182 1.00364
25.06037 23.50413 1.81182 1.00364
25.06147 23.50413 1.81120 1.00364
25.06147 23.50413 1.81120 1.00364
25.06257 23.50413 1.81058 1.00364
25.06257 23.50413 1.81058 1.00364
25.06367 23.50413 1.80996 1.00364
25.06367 23.50413 1.80996 1.00364
25.06477 23.50413 1.80935 1.00364
25.06477 23.50413 1.80935 1.00364
25.06587 23.50413 1.80873 1.00364
25.06587 23.50413 1.80873 1.00364
25.06697 23.50413 1.80812 1.00364
25.06697 23.50413 1.80812 1.00364
25.06806 23.50413 1.80751 1.00364
25.06806 23.50413 1.80751 1.00364
25.06916 23.50413 1.80691 1.00364
25.06916 23.50413 1.80691 1.00364
25.07025 23.50413 1.80630 1.00364
25.07025 23.50413 1.80630 1.00364
25.07135 23.50413 1.80570 1.00364
25.07135 23.50413 1.80570 1.00364
25.07244 23.50413 1.80509 1.00364
25.07244 23.50413 1.80509 1.00364
25.07354 23.50413 1.80449 1.00364
25.07354 23.50413 1.80449 1.00364
25.07463 23.50413 1.80390 1.00364
25.07463 23.50413 1.80390 1.00364
25.07572 23.50413 1.80330 1.00364
25.07572 23.50413 1.80330 1.00364
25.07681 23.50413 1.80271 1.00364
25.07681 23.50413 1.80271 1.00364
25.07790 23.50413 1.80211 1.00364
25.07790 23.50413 1.80211 1.00364
25.07899 23.50413 1.80152 1.00364
25.07899 23.50413 1.80152 1.00364
25.08008 23.50413 1.80093 1.00364
25.08008 23.50413 1.80093 1.00364
25.08117 23.50413 1.80035 1.00364
25.08117 23.50413 1.80035 1.00364
25.08226 23.50413 1.79976 1.00364
25.08226 23.50413 1.79976 1.00364
25.08335 23.50413 1.79918 1.00364
25.08335 23.50413 1.79918 1.00364
25.08443 23.50413 1.79860 1.00364
25.08443 23.50413 1.79860 1.00364
25.08552 23.50413 1.79802 1.00364
25.08552 23.50413 1.79802 1.00364
25.08661 23.50413 1.79744 1.00364
25.08661 23.50413 1.79744 1.00364
25.08769 23.50413 1.79687 1.00364
25.08769 23.50413 1.79687 1.00364
25.08877 23.50413 1.79629 1.00364
25.08877 23.50413 1.79629 1.00364
25.08986 23.50413 1.79572 1.00364
25.08986 23.50413 1.79572 1.00364
25.09094 23.50413 1.79515 1.00364
25.09094 23.50413 1.79515 1.00364
25.09202 23.50413 1.79458 1.00364
25.09202 23.50413 1.79458 1.00364
25.09310 23.50413 1.79401 1.00364
25.09310 23.50413 1.79401 1.00364
25.09418 23.50413 1.79343 1.00364
25.09418 23.50413 1.79343 1.00364
25.09526 23.50413 1.79286 1.00364
25.09526 23.50413 1.79286 1.00364
25.09634 23.50413 1.79229 1.00364
25.09634 23.50413 1.79229 1.00364
25.09742 23.50413 1.79172 1.00364
25.09742 23.50413 1.79172 1.00364
25.09850 23.50413 1.79115 1.00364
25.09850 23.50413 1.79115 1.00364
25.09957 23.50413 1.79058 1.00364
25.09957 23.50413 1.79058 1.00364
25.10065 23.50413 1.79001 1.00364
25.10065 23.50413 1.79001 1.00364
25.10172 23.50413 1.78945 1.00364
25.10172 23.50413 1.78945 1.00364
25.10280 23.50413 1.78889 1.00364
25.10280 23.50413 1.78889 1.00364
25.10387 23.50413 1.78833 1.00364
25.10387 23.50413 1.78833 1.00364
25.10495 23.50413 1.78777 1.00364
25.10495 23.50413 1.78777 1.00364
25.10602 23.50413 1.78721 1.00364
25.10602 23.50413 1.78721 1.00364
25.10709 23.50413 1.78665 1.00364
25.10709 23.50413 1.78665 1.00364
25.10816 23.50413 1.78610 1.00364
25.10816 23.50413 1.78610 1.00364
25.10923 23.50413 1.78554 1.00364
25.10923 23.50413 1.78554 1.00364
25.11030 23.50413 1.78499 1.00364
25.11030 23.50413 1.78499 1.00364
25.11137 23.50413 1.78444 1.00364
25.11137 23.50413 1.78444 1.00364
25.11244 23.50413 1.78389 1.00364
25.11244 23.50413 1.78389 1.00364
25.11351 23.50413 1.78334 1.00364
25.11351 23.50413 1.78334 1.00364
25.11457 23.50413 1.78279 1.00364
25.11457 23.50413 1.78279 1.00364
25.11564 23.50413 1.78224 1.00364
25.11564 23.50413 1.78224 1.00364
25.11671 23.50413 1.78169 1.00364
25.11671 23.50413 1.78169 1.00364
25.11777 23.50413 1.78114 1.00364
25.11777 23.50413 1.78114 1.00364
25.11884 23.50413 1.78060 1.00364
25.11884 23.50413 1.78060 1.00364
25.11990 23.50413 1.78005 1.00364
25.11990 23.50413 1.78005 1.00364
25.12096 23.50413 1.77951 1.00364
25.12096 23.50413 1.77951 1.00364
25.12202 23.50413 1.77897 1.00364
25.12202 23.50413 1.77897 1.00364
25.12309 23.50413 1.77842 1.00364
25.12309 23.50413 1.77842 1.00364
25.12415 23.50413 1.77788 1.00364
25.12415 23.50413 1.77788 1.00364
25.12521 23.50413 1.77734 1.00364
25.12521 23.50413 1.77734 1.00364
25.12627 23.50413 1.77680 1.00364
25.12627 23.50413 1.77680 1.00364
25.12732 23.50413 1.77626 1.00364
25.12732 23.50413 1.77626 1.00364
25.12838 23.50413 1.77572 1.00364
25.12838 23.50413 1.77572 1.00364
25.12944 23.50413 1.77518 1.00364
25.12944 23.50413 1.77518 1.00364
25.13050 23.50413 1.77464 1.00364
25.13050 23.50413 1.77464 1.00364
25.13155 23.50413 1.77411 1.00364
25.13155 23.50413 1.77411 1.00364
25.13261 23.50413 1.77357 1.00364
25.13261 23.50413 1.77357 1.00364
25.13366 23.50413 1.77303 1.00364
25.13366 23.50413 1.77303 1.00364
25.13472 23.50413 1.77250 1.00364
25.13472 23.50413 1.77250 1.00364
25.13577 23.50413 1.77196 1.00364
25.13577 23.50413 1.77196 1.00364
25.13682 23.50413 1.77143 1.00364
25.13682 23.50413 1.77143 1.00364
25.13788 23.50413 1.77090 1.00364
25.13788 23.50413 1.77090 1.00364
25.13893 23.50413 1.77036 1.00364
25.13893 23.50413 1.77036 1.00364
25.13998 23.50413 1.76983 1.00364
25.13998 23.50413 1.76983 1.00364
25.14103 23.50413 1.76930 1.00364
25.14103 23.50413 1.76930 1.00364
25.14208 23.50413 1.76877 1.00364
25.14208 23.50413 1.76877 1.00364
25.14313 23.50413 1.76823 1.00364
25.14313 23.50413 1.76823 1.00364
25.14417 23.50413 1.76770 1.00364
25.14417 23.50413 1.76770 1.00364
25.14522 23.50413 1.76717 1.00364
25.14522 23.50413 1.76717 1.00364
25.14627 23.50413 1.76664 1.00364
25.14627 23.50413 1.76664 1.00364
25.14731 23.50413 1.76611 1.00364
25.14731 23.50413 1.76611 1.00364
25.14836 23.50413 1.76558 1.00364
25.14836 23.50413 1.76558 1.00364
25.14940 23.50413 1.76505 1.00364
25.14940 23.50413 1.76505 1.00364
25.15045 23.50413 1.76452 1.00364
25.15045 23.50413 1.76452 1.00364
25.15149 23.50413 1.76400 1.00364
25.15149 23.50413 1.76400 1.00364
25.15253 23.50413 1.76347 1.00364
25.15253 23.50413 1.76347 1.00364
25.15358 23.50413 1.76294 1.00364
25.15358 23.50413 1.76294 1.00364
25.15462 23.50413 1.76241 1.00364
25.15462 23.50413 1.76241 1.00364
25.15566 23.50413 1.76189 1.00364
25.15566 23.50413 1.76189 1.00364
25.15670 23.50413 1.76136 1.00364
25.15670 23.50413 1.76136 1.00364
25.15774 23.50413 1.76083 1.00364
25.15774 23.50413 1.76083 1.00364
25.15878 23.50413 1.76031 1.00364
25.15878 23.50413 1.76031 1.00364
25.15981 23.50413 1.75978 1.00364
25.15981 23.50413 1.75978 1.00364
25.16085 23.50413 1.75926 1.00364
25.16085 23.50413 1.75926 1.00364
25.16189 23.50413 1.75873 1.00364
25.16189 23.50413 1.75873 1.00364
25.16293 23.50413 1.75821 1.00364
25.16293 23.50413 1.75821 1.00364
25.16396 23.50413 1.75768 1.00364
25.16396 23.50413 1.75768 1.00364
25.16500 23.50413 1.75716 1.00364
25.16500 23.50413 1.75716 1.00364
25.16603 23.50413 1.75664 1.00364
25.16603 23.50413 1.75664 1.00364
25.16706 23.50413 1.75611 1.00364
25.16706 23.50413 1.75611 1.00364
25.16810 23.50413 1.75559 1.00364
25.16810 23.50413 1.75559 1.00364
25.16913 23.50413 1.75507 1.00364
25.16913 23.50413 1.75507 1.00364
25.17016 23.50413 1.75454 1.00364
25.17016 23.50413 1.75454 1.00364
25.17119 23.50413 1.75402 1.00364
25.17119 23.50413 1.75402 1.00364
25.17222 23.50413 1.75350 1.00364
25.17222 23.50413 1.75350 1.00364
25.17325 23.50413 1.75298 1.00364
25.17325 23.50413 1.75298 1.00364
25.17428 23.50413 1.75246 1.00364
25.17428 23.50413 1.75246 1.00364
25.20280 23.50413 1.73715 1.00364
25.20280 23.50413 1.73715 1.00364
25.20380 23.50413 1.73670 1.00364
25.20380 23.50413 1.73670 1.00364
25.20480 23.50413 1.73636 1.00364
25.20480 23.50413 1.73636 1.00364
25.20580 23.50413 1.73600 1.00364
25.20580 23.50413 1.73600 1.00364
25.20679 23.50413 1.73563 1.00364
25.20679 23.50413 1.73563 1.00364
25.20779 23.50413 1.73524 1.00364
25.20779 23.50413 1.73524 1.00364
25.20879 23.50413 1.73485 1.00364
25.20879 23.50413 1.73485 1.00364
25.20979 23.50413 1.73444 1.00364
25.20979 23.50413 1.73444 1.00364
25.21079 23.50413 1.73403 1.00364
25.21079 23.50413 1.73403 1.00364
25.21179 23.50413 1.73360 1.00364
25.21179 23.50413 1.73360 1.00364
25.21279 23.50413 1.73317 1.00364
25.21279 23.50413 1.73317 1.00364
25.21379 23.50413 1.73272 1.00364
25.21379 23.50413 1.73272 1.00364
25.21479 23.50413 1.73228 1.00364
25.21479 23.50413 1.73228 1.00364
25.21579 23.50413 1.73182 1.00364
25.21579 23.50413 1.73182 1.00364
25.21679 23.50413 1.73136 1.00364
25.21679 23.50413 1.73136 1.00364
25.21779 23.50413 1.73089 1.00364
25.21779 23.50413 1.73089 1.00364
25.21879 23.50413 1.73041 1.00364
25.21879 23.50413 1.73041 1.00364
25.21979 23.50413 1.72994 1.00364
25.21979 23.50413 1.72994 1.00364
25.22079 23.50413 1.72946 1.00364
25.22079 23.50413 1.72946 1.00364
25.22179 23.50413 1.72897 1.00364
25.22179 23.50413 1.72897 1.00364
25.22278 23.50413 1.72849 1.00364
25.22278 23.50413 1.72849 1.00364
25.22378 23.50413 1.72800 1.00364
25.22378 23.50413 1.72800 1.00364
25.22478 23.50413 1.72750 1.00364
25.22478 23.50413 1.72750 1.00364
25.22577 23.50413 1.72701 1.00364
25.22577 23.50413 1.72701 1.00364
25.22677 23.50413 1.72652 1.00364
25.22677 23.50413 1.72652 1.00364
25.22777 23.50413 1.72602 1.00364
25.22777 23.50413 1.72602 1.00364
25.22876 23.50413 1.72553 1.00364
25.22876 23.50413 1.72553 1.00364
25.22976 23.50413 1.72503 1.00364
25.22976 23.50413 1.72503 1.00364
25.23075 23.50413 1.72453 1.00364
25.23075 23.50413 1.72453 1.00364
25.23174 23.50413 1.72403 1.00364
25.23174 23.50413 1.72403 1.00364
25.23274 23.50413 1.72353 1.00364
25.23274 23.50413 1.72353 1.00364
25.23373 23.50413 1.72303 1.00364
25.23373 23.50413 1.72303 1.00364
25.23472 23.50413 1.72253 1.00364
25.23472 23.50413 1.72253 1.00364
25.23571 23.50413 1.72203 1.00364
25.23571 23.50413 1.72203 1.00364
25.23670 23.50413 1.72152 1.00364
25.23670 23.50413 1.72152 1.00364
25.23769 23.50413 1.72102 1.00364
25.23769 23.50413 1.72102 1.00364
25.23868 23.50413 1.72051 1.00364
25.23868 23.50413 1.72051 1.00364
25.23967 23.50413 1.72001 1.00364
25.23967 23.50413 1.72001 1.00364
25.24066 23.50413 1.71951 1.00364
25.24066 23.50413 1.71951 1.00364
25.24165 23.50413 1.71900 1.00364
25.24165 23.50413 1.71900 1.00364
25.24263 23.50413 1.71850 1.00364
25.24263 23.50413 1.71850 1.00364
25.24362 23.50413 1.71799 1.00364
25.24362 23.50413 1.71799 1.00364
25.24460 23.50413 1.71749 1.00364
25.24460 23.50413 1.71749 1.00364
25.24559 23.50413 1.71699 1.00364
25.24559 23.50413 1.71699 1.00364
25.24657 23.50413 1.71648 1.00364
25.24657 23.50413 1.71648 1.00364
25.24756 23.50413 1.71598 1.00364
25.24756 23.50413 1.71598 1.00364
25.24854 23.50413 1.71548 1.00364
25.24854 23.50413 1.71548 1.00364
25.24952 23.50413 1.71497 1.00364
25.24952 23.50413 1.71497 1.00364
25.25051 23.50413 1.71447 1.00364
25.25051 23.50413 1.71447 1.00364
25.25149 23.50413 1.71397 1.00364
25.25149 23.50413 1.71397 1.00364
25.25247 23.50413 1.71347 1.00364
25.25247 23.50413 1.71347 1.00364
25.25345 23.50413 1.71297 1.00364
25.25345 23.50413 1.71297 1.00364
25.25443 23.50413 1.71247 1.00364
25.25443 23.50413 1.71247 1.00364
25.25541 23.50413 1.71197 1.00364
25.25541 23.50413 1.71197 1.00364
25.25639 23.50413 1.71148 1.00364
25.25639 23.50413 1.71148 1.00364
25.25736 23.50413 1.71098 1.00364
25.25736 23.50413 1.71098 1.00364
25.25834 23.50413 1.71048 1.00364
25.25834 23.50413 1.71048 1.00364
25.25932 23.50413 1.70998 1.00364
25.25932 23.50413 1.70998 1.00364
25.26029 23.50413 1.70949 1.00364
25.26029 23.50413 1.70949 1.00364
25.26127 23.50413 1.70900 1.00364
25.26127 23.50413 1.70900 1.00364
25.26224 23.50413 1.70851 1.00364
25.26224 23.50413 1.70851 1.00364
25.26321 23.50413 1.70802 1.00364
25.26321 23.50413 1.70802 1.00364
25.26418 23.50413 1.70753 1.00364
25.26418 23.50413 1.70753 1.00364
25.26516 23.50413 1.70704 1.00364
25.26516 23.50413 1.70704 1.00364
25.26613 23.50413 1.70656 1.00364
25.26613 23.50413 1.70656 1.00364
25.26710 23.50413 1.70607 1.00364
25.26710 23.50413 1.70607 1.00364
25.26807 23.50413 1.70559 1.00364
25.26807 23.50413 1.70559 1.00364
25.26904 23.50413 1.70511 1.00364
25.26904 23.50413 1.70511 1.00364
25.27000 23.50413 1.70463 1.00364
25.27000 23.50413 1.70463 1.00364
25.27097 23.50413 1.70414 1.00364
25.27097 23.50413 1.70414 1.00364
25.27194 23.50413 1.70366 1.00364
25.27194 23.50413 1.70366 1.00364
25.27290 23.50413 1.70318 1.00364
25.27290 23.50413 1.70318 1.00364
25.27387 23.50413 1.70270 1.00364
25.27387 23.50413 1.70270 1.00364
25.27484 23.50413 1.70222 1.00364
25.27484 23.50413 1.70222 1.00364
25.27580 23.50413 1.70175 1.00364
25.27580 23.50413 1.70175 1.00364
25.27676 23.50413 1.70127 1.00364
25.27676 23.50413 1.70127 1.00364
25.27773 23.50413 1.70079 1.00364
25.27773 23.50413 1.70079 1.00364
25.27869 23.50413 1.70032 1.00364
25.27869 23.50413 1.70032 1.00364
25.27965 23.50413 1.69984 1.00364
25.27965 23.50413 1.69984 1.00364
25.28061 23.50413 1.69937 1.00364
25.28061 23.50413 1.69937 1.00364
25.28157 23.50413 1.69889 1.00364
25.28157 23.50413 1.69889 1.00364
25.28254 23.50413 1.69842 1.00364
25.28254 23.50413 1.69842 1.00364
25.28349 23.50413 1.69795 1.00364
25.28349 23.50413 1.69795 1.00364
25.28445 23.50413 1.69747 1.00364
25.28445 23.50413 1.69747 1.00364
25.28541 23.50413 1.69700 1.00364
25.28541 23.50413 1.69700 1.00364
25.28637 23.50413 1.69653 1.00364
25.28637 23.50413 1.69653 1.00364
25.28733 23.50413 1.69606 1.00364
25.28733 23.50413 1.69606 1.00364
25.28828 23.50413 1.69559 1.00364
25.28828 23.50413 1.69559 1.00364
25.28924 23.50413 1.69512 1.00364
25.28924 23.50413 1.69512 1.00364
25.29020 23.50413 1.69465 1.00364
25.29020 23.50413 1.69465 1.00364
25.29115 23.50413 1.69419 1.00364
25.29115 23.50413 1.69419 1.00364
25.29211 23.50413 1.69372 1.00364
25.29211 23.50413 1.69372 1.00364
25.29306 23.50413 1.69325 1.00364
25.29306 23.50413 1.69325 1.00364
25.29401 23.50413 1.69278 1.00364
25.29401 23.50413 1.69278 1.00364
25.29496 23.50413 1.69232 1.00364
25.29496 23.50413 1.69232 1.00364
25.29592 23.50413 1.69185 1.00364
25.29592 23.50413 1.69185 1.00364
25.29687 23.50413 1.69138 1.00364
25.29687 23.50413 1.69138 1.00364
25.29782 23.50413 1.69092 1.00364
25.29782 23.50413 1.69092 1.00364
25.29877 23.50413 1.69045 1.00364
25.29877 23.50413 1.69045 1.00364
25.29972 23.50413 1.68999 1.00364
25.29972 23.50413 1.68999 1.00364
25.30067 23.50413 1.68952 1.00364
25.30067 23.50413 1.68952 1.00364
25.30161 23.50413 1.68906 1.00364
25.30161 23.50413 1.68906 1.00364
25.30256 23.50413 1.68860 1.00364
25.30256 23.50413 1.68860 1.00364
25.30351 23.50413 1.68814 1.00364
25.30351 23.50413 1.68814 1.00364
25.30445 23.50413 1.68768 1.00364
25.30445 23.50413 1.68768 1.00364
25.30540 23.50413 1.68723 1.00364
25.30540 23.50413 1.68723 1.00364
25.30634 23.50413 1.68677 1.00364
25.30634 23.50413 1.68677 1.00364
25.30728 23.50413 1.68631 1.00364
25.30728 23.50413 1.68631 1.00364
25.30823 23.50413 1.68586 1.00364
25.30823 23.50413 1.68586 1.00364
25.30917 23.50413 1.68540 1.00364
25.30917 23.50413 1.68540 1.00364
25.31011 23.50413 1.68495 1.00364
25.31011 23.50413 1.68495 1.00364
25.31105 23.50413 1.68449 1.00364
25.31105 23.50413 1.68449 1.00364
25.31199 23.50413 1.68404 1.00364
25.31199 23.50413 1.68404 1.00364
25.31293 23.50413 1.68359 1.00364
25.31293 23.50413 1.68359 1.00364
25.31387 23.50413 1.68313 1.00364
25.31387 23.50413 1.68313 1.00364
25.31481 23.50413 1.68268 1.00364
25.31481 23.50413 1.68268 1.00364
25.31575 23.50413 1.68223 1.00364
25.31575 23.50413 1.68223 1.00364
25.31669 23.50413 1.68177 1.00364
25.31669 23.50413 1.68177 1.00364
25.31762 23.50413 1.68132 1.00364
25.31762 23.50413 1.68132 1.00364
25.31856 23.50413 1.68087 1.00364
25.31856 23.50413 1.68087 1.00364
25.31949 23.50413 1.68042 1.00364
25.31949 23.50413 1.68042 1.00364
25.32043 23.50413 1.67997 1.00364
25.32043 23.50413 1.67997 1.00364
25.32136 23.50413 1.67952 1.00364
25.32136 23.50413 1.67952 1.00364
25.32230 23.50413 1.67907 1.00364
25.32230 23.50413 1.67907 1.00364
25.32323 23.50413 1.67862 1.00364
25.32323 23.50413 1.67862 1.00364
25.32417 23.50413 1.67817 1.00364
25.32417 23.50413 1.67817 1.00364
25.32510 23.50413 1.67772 1.00364
25.32510 23.50413 1.67772 1.00364
25.32613 23.50413 1.68165 1.00364
25.32613 23.50413 1.68165 1.00364
25.32727 23.50413 1.68451 1.00364
25.32727 23.50413 1.68451 1.00364
25.32841 23.50413 1.68727 1.00364
25.32841 23.50413 1.68727 1.00364
25.32954 23.50413 1.69001 1.00364
25.32954 23.50413 1.69001 1.00364
25.33068 23.50413 1.69273 1.00364
25.33068 23.50413 1.69273 1.00364
25.33181 23.50413 1.69543 1.00364
25.33181 23.50413 1.69543 1.00364
25.33294 23.50413 1.69810 1.00364
25.33294 23.50413 1.69810 1.00364
25.33407 23.50413 1.70075 1.00364
25.33407 23.50413 1.70075 1.00364
25.33520 23.50413 1.70336 1.00364
25.33520 23.50413 1.70336 1.00364
25.33633 23.50413 1.70596 1.00364
25.33633 23.50413 1.70596 1.00364
25.33745 23.50413 1.70854 1.00364
25.33745 23.50413 1.70854 1.00364
25.33858 23.50413 1.71108 1.00364
25.33858 23.50413 1.71108 1.00364
25.33970 23.50413 1.71358 1.00364
25.33970 23.50413 1.71358 1.00364
25.34083 23.50413 1.71604 1.00364
25.34083 23.50413 1.71604 1.00364
25.34195 23.50413 1.71845 1.00364
25.34195 23.50413 1.71845 1.00364
25.34308 23.50413 1.72084 1.00364
25.34308 23.50413 1.72084 1.00364
25.34420 23.50413 1.72320 1.00364
25.34420 23.50413 1.72320 1.00364
25.34533 23.50413 1.72552 1.00364
25.34533 23.50413 1.72552 1.00364
25.34646 23.50413 1.72778 1.00364
25.34646 23.50413 1.72778 1.00364
25.34759 23.50413 1.72998 1.00364
25.34759 23.50413 1.72998 1.00364
25.34873 23.50413 1.73215 1.00364
25.34873 23.50413 1.73215 1.00364
25.34986 23.50413 1.73427 1.00364
25.34986 23.50413 1.73427 1.00364
25.35100 23.50413 1.73636 1.00364
25.35100 23.50413 1.73636 1.00364
25.35213 23.50413 1.73840 1.00364
25.35213 23.50413 1.73840 1.00364
25.35317 23.50413 1.73739 1.00364
25.35317 23.50413 1.73739 1.00364
25.35417 23.50413 1.73672 1.00364
25.35417 23.50413 1.73672 1.00364
25.35517 23.50413 1.73604 1.00364
25.35517 23.50413 1.73604 1.00364
25.35617 23.50413 1.73536 1.00364
25.35617 23.50413 1.73536 1.00364
25.35717 23.50413 1.73468 1.00364
25.35717 23.50413 1.73468 1.00364
25.35817 23.50413 1.73400 1.00364
25.35817 23.50413 1.73400 1.00364
25.35917 23.50413 1.73332 1.00364
25.35917 23.50413 1.73332 1.00364
25.36017 23.50413 1.73264 1.00364
25.36017 23.50413 1.73264 1.00364
25.36117 23.50413 1.73195 1.00364
25.36117 23.50413 1.73195 1.00364
25.36217 23.50413 1.73127 1.00364
25.36217 23.50413 1.73127 1.00364
25.36317 23.50413 1.73058 1.00364
25.36317 23.50413 1.73058 1.00364
25.36416 23.50413 1.72990 1.00364
25.36416 23.50413 1.72990 1.00364
25.36516 23.50413 1.72921 1.00364
25.36516 23.50413 1.72921 1.00364
25.36616 23.50413 1.72853 1.00364
25.36616 23.50413 1.72853 1.00364
25.36716 23.50413 1.72785 1.00364
25.36716 23.50413 1.72785 1.00364
25.36816 23.50413 1.72717 1.00364
25.36816 23.50413 1.72717 1.00364
25.36915 23.50413 1.72650 1.00364
25.36915 23.50413 1.72650 1.00364
25.37015 23.50413 1.72583 1.00364
25.37015 23.50413 1.72583 1.00364
25.37114 23.50413 1.72516 1.00364
25.37114 23.50413 1.72516 1.00364
25.37214 23.50413 1.72450 1.00364
25.37214 23.50413 1.72450 1.00364
25.37313 23.50413 1.72384 1.00364
25.37313 23.50413 1.72384 1.00364
25.37412 23.50413 1.72318 1.00364
25.37412 23.50413 1.72318 1.00364
25.37511 23.50413 1.72252 1.00364
25.37511 23.50413 1.72252 1.00364
25.37610 23.50413 1.72188 1.00364
25.37610 23.50413 1.72188 1.00364
25.37709 23.50413 1.72124 1.00364
25.37709 23.50413 1.72124 1.00364
25.37808 23.50413 1.72060 1.00364
25.37808 23.50413 1.72060 1.00364
25.37907 23.50413 1.71996 1.00364
25.37907 23.50413 1.71996 1.00364
25.38006 23.50413 1.71933 1.00364
25.38006 23.50413 1.71933 1.00364
25.38104 23.50413 1.71870 1.00364
25.38104 23.50413 1.71870 1.00364
25.38203 23.50413 1.71807 1.00364
25.38203 23.50413 1.71807 1.00364
25.38302 23.50413 1.71745 1.00364
25.38302 23.50413 1.71745 1.00364
25.38400 23.50413 1.71683 1.00364
25.38400 23.50413 1.71683 1.00364
25.38498 23.50413 1.71622 1.00364
25.38498 23.50413 1.71622 1.00364
25.38596 23.50413 1.71561 1.00364
25.38596 23.50413 1.71561 1.00364
25.38694 23.50413 1.71501 1.00364
25.38694 23.50413 1.71501 1.00364
25.38793 23.50413 1.71441 1.00364
25.38793 23.50413 1.71441 1.00364
25.38891 23.50413 1.71381 1.00364
25.38891 23.50413 1.71381 1.00364
25.38988 23.50413 1.71322 1.00364
25.38988 23.50413 1.71322 1.00364
25.39086 23.50413 1.71263 1.00364
25.39086 23.50413 1.71263 1.00364
25.39184 23.50413 1.71203 1.00364
25.39184 23.50413 1.71203 1.00364
25.39282 23.50413 1.71144 1.00364
25.39282 23.50413 1.71144 1.00364
25.39380 23.50413 1.71085 1.00364
25.39380 23.50413 1.71085 1.00364
25.39477 23.50413 1.71026 1.00364
25.39477 23.50413 1.71026 1.00364
25.39575 23.50413 1.70968 1.00364
25.39575 23.50413 1.70968 1.00364
25.39672 23.50413 1.70910 1.00364
25.39672 23.50413 1.70910 1.00364
25.39770 23.50413 1.70852 1.00364
25.39770 23.50413 1.70852 1.00364
25.39867 23.50413 1.70795 1.00364
25.39867 23.50413 1.70795 1.00364
25.39965 23.50413 1.70738 1.00364
25.39965 23.50413 1.70738 1.00364
25.40062 23.50413 1.70681 1.00364
25.40062 23.50413 1.70681 1.00364
25.40159 23.50413 1.70625 1.00364
25.40159 23.50413 1.70625 1.00364
25.40256 23.50413 1.70568 1.00364
25.40256 23.50413 1.70568 1.00364
25.40353 23.50413 1.70512 1.00364
25.40353 23.50413 1.70512 1.00364
25.40450 23.50413 1.70457 1.00364
25.40450 23.50413 1.70457 1.00364
25.40547 23.50413 1.70401 1.00364
25.40547 23.50413 1.70401 1.00364
25.40644 23.50413 1.70345 1.00364
25.40644 23.50413 1.70345 1.00364
25.40741 23.50413 1.70290 1.00364
25.40741 23.50413 1.70290 1.00364
25.40837 23.50413 1.70234 1.00364
25.40837 23.50413 1.70234 1.00364
25.40934 23.50413 1.70179 1.00364
25.40934 23.50413 1.70179 1.00364
25.41030 23.50413 1.70125 1.00364
25.41030 23.50413 1.70125 1.00364
25.41127 23.50413 1.70071 1.00364
25.41127 23.50413 1.70071 1.00364
25.41223 23.50413 1.70017 1.00364
25.41223 23.50413 1.70017 1.00364
25.41319 23.50413 1.69963 1.00364
25.41319 23.50413 1.69963 1.00364
25.41415 23.50413 1.69910 1.00364
25.41415 23.50413 1.69910 1.00364
25.41511 23.50413 1.69857 1.00364
25.41511 23.50413 1.69857 1.00364
25.41607 23.50413 1.69805 1.00364
25.41607 23.50413 1.69805 1.00364
25.41703 23.50413 1.69752 1.00364
25.41703 23.50413 1.69752 1.00364
25.41799 23.50413 1.69700 1.00364
25.41799 23.50413 1.69700 1.00364
25.41895 23.50413 1.69648 1.00364
25.41895 23.50413 1.69648 1.00364
25.41991 23.50413 1.69596 1.00364
25.41991 23.50413 1.69596 1.00364
25.42087 23.50413 1.69543 1.00364
25.42087 23.50413 1.69543 1.00364
25.42182 23.50413 1.69491 1.00364
25.42182 23.50413 1.69491 1.00364
25.42278 23.50413 1.69439 1.00364
25.42278 23.50413 1.69439 1.00364
25.42373 23.50413 1.69387 1.00364
25.42373 23.50413 1.69387 1.00364
25.42469 23.50413 1.69335 1.00364
25.42469 23.50413 1.69335 1.00364
25.42564 23.50413 1.69284 1.00364
25.42564 23.50413 1.69284 1.00364
25.42660 23.50413 1.69232 1.00364
25.42660 23.50413 1.69232 1.00364
25.42755 23.50413 1.69181 1.00364
25.42755 23.50413 1.69181 1.00364
25.42850 23.50413 1.69130 1.00364
25.42850 23.50413 1.69130 1.00364
25.42945 23.50413 1.69079 1.00364
25.42945 23.50413 1.69079 1.00364
25.43040 23.50413 1.69028 1.00364
25.43040 23.50413 1.69028 1.00364
25.43135 23.50413 1.68977 1.00364
25.43135 23.50413 1.68977 1.00364
25.43230 23.50413 1.68927 1.00364
25.43230 23.50413 1.68927 1.00364
25.43325 23.50413 1.68877 1.00364
25.43325 23.50413 1.68877 1.00364
25.43420 23.50413 1.68826 1.00364
25.43420 23.50413 1.68826 1.00364
25.43515 23.50413 1.68776 1.00364
25.43515 23.50413 1.68776 1.00364
25.43610 23.50413 1.68726 1.00364
25.43610 23.50413 1.68726 1.00364
25.43704 23.50413 1.68676 1.00364
25.43704 23.50413 1.68676 1.00364
25.43799 23.50413 1.68626 1.00364
25.43799 23.50413 1.68626 1.00364
25.43893 23.50413 1.68577 1.00364
25.43893 23.50413 1.68577 1.00364
25.43988 23.50413 1.68527 1.00364
25.43988 23.50413 1.68527 1.00364
25.44082 23.50413 1.68478 1.00364
25.44082 23.50413 1.68478 1.00364
25.44177 23.50413 1.68428 1.00364
25.44177 23.50413 1.68428 1.00364
25.44271 23.50413 1.68379 1.00364
25.44271 23.50413 1.68379 1.00364
25.44365 23.50413 1.68329 1.00364
25.44365 23.50413 1.68329 1.00364
25.44459 23.50413 1.68280 1.00364
25.44459 23.50413 1.68280 1.00364
25.44553 23.50413 1.68231 1.00364
25.44553 23.50413 1.68231 1.00364
25.44648 23.50413 1.68182 1.00364
25.44648 23.50413 1.68182 1.00364
25.44741 23.50413 1.68133 1.00364
25.44741 23.50413 1.68133 1.00364
25.44835 23.50413 1.68084 1.00364
25.44835 23.50413 1.68084 1.00364
25.44929 23.50413 1.68035 1.00364
25.44929 23.50413 1.68035 1.00364
25.45023 23.50413 1.67986 1.00364
25.45023 23.50413 1.67986 1.00364
25.45117 23.50413 1.67937 1.00364
25.45117 23.50413 1.67937 1.00364
25.45211 23.50413 1.67888 1.00364
25.45211 23.50413 1.67888 1.00364
25.45304 23.50413 1.67839 1.00364
25.45304 23.50413 1.67839 1.00364
25.45398 23.50413 1.67791 1.00364
25.45398 23.50413 1.67791 1.00364
25.45491 23.50413 1.67742 1.00364
25.45491 23.50413 1.67742 1.00364
25.45585 23.50413 1.67693 1.00364
25.45585 23.50413 1.67693 1.00364
