24.71119 23.50413 1.98738 1.00364
24.71119 23.50413 1.98738 1.00364
24.71250 23.50413 1.98653 1.00364
24.71250 23.50413 1.98653 1.00364
24.71382 23.50413 1.98568 1.00364
24.71382 23.50413 1.98568 1.00364
24.71513 23.50413 1.98481 1.00364
24.71513 23.50413 1.98481 1.00364
24.71644 23.50413 1.98393 1.00364
24.71644 23.50413 1.98393 1.00364
24.71775 23.50413 1.98305 1.00364
24.71775 23.50413 1.98305 1.00364
24.71906 23.50413 1.98217 1.00364
24.71906 23.50413 1.98217 1.00364
24.72037 23.50413 1.98129 1.00364
24.72037 23.50413 1.98129 1.00364
24.72168 23.50413 1.98040 1.00364
24.72168 23.50413 1.98040 1.00364
24.72299 23.50413 1.97951 1.00364
24.72299 23.50413 1.97951 1.00364
24.72429 23.50413 1.97861 1.00364
24.72429 23.50413 1.97861 1.00364
24.72560 23.50413 1.97773 1.00364
24.72560 23.50413 1.97773 1.00364
24.72690 23.50413 1.97684 1.00364
24.72690 23.50413 1.97684 1.00364
24.72820 23.50413 1.97596 1.00364
24.72820 23.50413 1.97596 1.00364
24.72950 23.50413 1.97507 1.00364
24.72950 23.50413 1.97507 1.00364
24.73080 23.50413 1.97419 1.00364
24.73080 23.50413 1.97419 1.00364
24.73210 23.50413 1.97331 1.00364
24.73210 23.50413 1.97331 1.00364
24.73340 23.50413 1.97244 1.00364
24.73340 23.50413 1.97244 1.00364
24.73470 23.50413 1.97157 1.00364
24.73470 23.50413 1.97157 1.00364
24.73599 23.50413 1.97070 1.00364
24.73599 23.50413 1.97070 1.00364
24.73729 23.50413 1.96984 1.00364
24.73729 23.50413 1.96984 1.00364
24.73858 23.50413 1.96898 1.00364
24.73858 23.50413 1.96898 1.00364
24.73988 23.50413 1.96812 1.00364
24.73988 23.50413 1.96812 1.00364
24.74117 23.50413 1.96727 1.00364
24.74117 23.50413 1.96727 1.00364
24.74246 23.50413 1.96642 1.00364
24.74246 23.50413 1.96642 1.00364
24.74375 23.50413 1.96557 1.00364
24.74375 23.50413 1.96557 1.00364
24.74504 23.50413 1.96473 1.00364
24.74504 23.50413 1.96473 1.00364
24.74633 23.50413 1.96389 1.00364
24.74633 23.50413 1.96389 1.00364
24.74762 23.50413 1.96306 1.00364
24.74762 23.50413 1.96306 1.00364
24.74891 23.50413 1.96223 1.00364
24.74891 23.50413 1.96223 1.00364
24.75019 23.50413 1.96141 1.00364
24.75019 23.50413 1.96141 1.00364
24.75148 23.50413 1.96059 1.00364
24.75148 23.50413 1.96059 1.00364
24.75276 23.50413 1.95978 1.00364
24.75276 23.50413 1.95978 1.00364
24.75404 23.50413 1.95898 1.00364
24.75404 23.50413 1.95898 1.00364
24.75532 23.50413 1.95819 1.00364
24.75532 23.50413 1.95819 1.00364
24.75660 23.50413 1.95740 1.00364
24.75660 23.50413 1.95740 1.00364
24.75788 23.50413 1.95661 1.00364
24.75788 23.50413 1.95661 1.00364
24.75916 23.50413 1.95584 1.00364
24.75916 23.50413 1.95584 1.00364
24.76044 23.50413 1.95506 1.00364
24.76044 23.50413 1.95506 1.00364
24.76172 23.50413 1.95430 1.00364
24.76172 23.50413 1.95430 1.00364
24.76300 23.50413 1.95353 1.00364
24.76300 23.50413 1.95353 1.00364
24.76427 23.50413 1.95278 1.00364
24.76427 23.50413 1.95278 1.00364
24.76555 23.50413 1.95203 1.00364
24.76555 23.50413 1.95203 1.00364
24.76682 23.50413 1.95129 1.00364
24.76682 23.50413 1.95129 1.00364
24.76810 23.50413 1.95055 1.00364
24.76810 23.50413 1.95055 1.00364
24.76937 23.50413 1.94982 1.00364
24.76937 23.50413 1.94982 1.00364
24.77064 23.50413 1.94909 1.00364
24.77064 23.50413 1.94909 1.00364
24.77192 23.50413 1.94837 1.00364
24.77192 23.50413 1.94837 1.00364
24.77319 23.50413 1.94765 1.00364
24.77319 23.50413 1.94765 1.00364
24.77446 23.50413 1.94693 1.00364
24.77446 23.50413 1.94693 1.00364
24.77573 23.50413 1.94622 1.00364
24.77573 23.50413 1.94622 1.00364
24.77699 23.50413 1.94552 1.00364
24.77699 23.50413 1.94552 1.00364
24.77826 23.50413 1.94482 1.00364
24.77826 23.50413 1.94482 1.00364
24.77953 23.50413 1.94412 1.00364
24.77953 23.50413 1.94412 1.00364
24.78080 23.50413 1.94343 1.00364
24.78080 23.50413 1.94343 1.00364
24.78206 23.50413 1.94274 1.00364
24.78206 23.50413 1.94274 1.00364
24.78333 23.50413 1.94206 1.00364
24.78333 23.50413 1.94206 1.00364
24.78459 23.50413 1.94138 1.00364
24.78459 23.50413 1.94138 1.00364
24.78585 23.50413 1.94071 1.00364
24.78585 23.50413 1.94071 1.00364
24.78712 23.50413 1.94004 1.00364
24.78712 23.50413 1.94004 1.00364
24.78838 23.50413 1.93938 1.00364
24.78838 23.50413 1.93938 1.00364
24.78964 23.50413 1.93871 1.00364
24.78964 23.50413 1.93871 1.00364
24.79090 23.50413 1.93806 1.00364
24.79090 23.50413 1.93806 1.00364
24.79215 23.50413 1.93740 1.00364
24.79215 23.50413 1.93740 1.00364
24.79341 23.50413 1.93675 1.00364
24.79341 23.50413 1.93675 1.00364
24.79467 23.50413 1.93611 1.00364
24.79467 23.50413 1.93611 1.00364
24.79592 23.50413 1.93546 1.00364
24.79592 23.50413 1.93546 1.00364
24.79718 23.50413 1.93482 1.00364
24.79718 23.50413 1.93482 1.00364
24.79844 23.50413 1.93419 1.00364
24.79844 23.50413 1.93419 1.00364
24.79969 23.50413 1.93356 1.00364
24.79969 23.50413 1.93356 1.00364
24.80094 23.50413 1.93293 1.00364
24.80094 23.50413 1.93293 1.00364
24.80220 23.50413 1.93230 1.00364
24.80220 23.50413 1.93230 1.00364
24.80345 23.50413 1.93168 1.00364
24.80345 23.50413 1.93168 1.00364
24.80470 23.50413 1.93106 1.00364
24.80470 23.50413 1.93106 1.00364
24.80595 23.50413 1.93045 1.00364
24.80595 23.50413 1.93045 1.00364
24.80720 23.50413 1.92983 1.00364
24.80720 23.50413 1.92983 1.00364
24.80845 23.50413 1.92922 1.00364
24.80845 23.50413 1.92922 1.00364
24.80970 23.50413 1.92861 1.00364
24.80970 23.50413 1.92861 1.00364
24.81095 23.50413 1.92801 1.00364
24.81095 23.50413 1.92801 1.00364
24.81220 23.50413 1.92740 1.00364
24.81220 23.50413 1.92740 1.00364
24.81344 23.50413 1.92680 1.00364
24.81344 23.50413 1.92680 1.00364
