1 79.9257657460 84.0262294527
1 79.5612409736 84.0262294527
1 79.1169900562 84.0262294527
1 78.7292368745 84.0262294527
1 78.7315876421 84.0262294527
1 78.5288276551 84.0262294527
1 78.3664678032 84.0262294527
1 78.1597546591 84.0262294527
1 77.9667148005 84.0262294527
1 78.0538093904 84.0262294527
1 78.0920359612 84.0262294527
1 78.1849607749 84.0262294527
1 78.2095047906 84.0262294527
1 78.2201943231 84.0262294527
1 78.2410773822 84.0262294527
1 78.3317108491 84.0262294527
1 78.4792195158 84.0262294527
1 78.5969369942 84.0262294527
1 78.8065026952 84.0262294527
1 78.8990434426 84.0262294527
1 78.9190172197 84.0262294527
1 78.9081932517 84.0262294527
1 79.0249908376 84.0262294527
1 79.1430613815 84.0262294527
1 79.2875606335 84.0262294527
1 79.4549528092 84.0262294527
1 79.6260921491 84.0262294527
1 79.8047610740 84.0262294527
1 79.9875089915 84.0262294527
1 80.0417640358 84.0262294527
1 80.3151842124 84.0262294527
1 80.5511197655 84.0262294527
1 80.7749911661 84.0262294527
1 80.9962442080 84.0262294527
1 81.2133537405 84.0262294527
1 81.4228283745 84.0262294527
1 81.6634273443 84.0262294527
1 81.7771458460 84.0262294527
1 81.9527344046 84.0262294527
1 82.1569071541 84.0262294527
1 82.3694396358 84.0262294527
1 82.5786120713 84.0262294527
1 82.7819945158 84.0262294527
1 82.9790990248 84.0262294527
1 83.1656949626 84.0262294527
1 83.4051700253 84.0262294527
1 83.4600459353 84.0262294527
1 83.5846585847 84.0262294527
1 83.7417064033 84.0262294527
1 83.8942015546 84.0262294527
1 84.0491561124 84.0262294527
1 84.1995307262 84.0262294527
1 84.3443071556 84.0262294527
1 84.5492432791 84.0262294527
1 84.7160692696 84.0262294527
1 84.8606291270 84.0262294527
1 84.9910580581 84.0262294527
1 85.1082066123 84.0262294527
1 85.3315300554 84.0262294527
1 85.4967864376 84.0262294527
1 85.4956722821 84.0262294527
1 85.6376197369 84.0262294527
1 85.7805914645 84.0262294527
1 85.9215057991 84.0262294527
1 86.0532611737 84.0262294527
1 86.1757109021 84.0262294527
1 86.2891404884 84.0262294527
1 86.3938931367 84.0262294527
1 86.4904322348 84.0262294527
1 86.6529024272 84.0262294527
1 86.7788442890 84.0262294527
1 86.8760748822 84.0262294527
1 86.9570523969 84.0262294527
1 87.0273593690 84.0262294527
1 87.0897826948 84.0262294527
1 87.1457176105 84.0262294527
1 87.1960024786 84.0262294527
1 87.3155411088 84.0262294527
1 87.3961650805 84.0262294527
1 87.4586402580 84.0262294527
1 87.5066129144 84.0262294527
