1 67.3008140098 84.0262294527
1 68.2904361948 84.0262294527
1 69.2238805401 84.0262294527
1 70.2903353955 84.0262294527
1 71.3184587646 84.0262294527
1 71.9704973105 84.0262294527
1 72.8461553399 84.0262294527
1 73.4500163948 84.0262294527
1 74.2533508329 84.0262294527
1 74.7921169276 84.0262294527
1 75.5062904643 84.0262294527
1 76.0395123071 84.0262294527
1 76.6747357586 84.0262294527
1 77.2460848940 84.0262294527
1 77.9054326838 84.0262294527
1 78.3624608155 84.0262294527
1 78.9001993024 84.0262294527
1 79.4865295564 84.0262294527
1 79.8044604394 84.0262294527
1 80.2559128409 84.0262294527
1 80.7813300106 84.0262294527
1 81.1232704952 84.0262294527
1 81.5899062546 84.0262294527
1 82.1040005343 84.0262294527
1 82.4726354651 84.0262294527
1 82.9278979725 84.0262294527
1 83.4118082546 84.0262294527
1 83.8894532418 84.0262294527
1 84.2680800112 84.0262294527
1 84.6962158235 84.0262294527
1 85.1364654493 84.0262294527
1 85.5645868953 84.0262294527
1 85.9731651748 84.0262294527
1 86.1889414394 84.0262294527
1 86.4856295419 84.0262294527
1 86.8091882998 84.0262294527
1 87.1308557737 84.0262294527
1 87.4370040587 84.0262294527
1 87.7228965195 84.0262294527
1 87.9858425763 84.0262294527
1 88.3015725531 84.0262294527
1 88.3929916185 84.0262294527
1 88.5586198265 84.0262294527
1 88.7497704117 84.0262294527
1 88.9444012992 84.0262294527
1 89.1285079163 84.0262294527
1 89.2974338418 84.0262294527
1 89.4486760318 84.0262294527
1 89.5850812993 84.0262294527
1 89.7030449730 84.0262294527
1 89.8853523306 84.0262294527
1 90.0151648931 84.0262294527
1 90.1126491646 84.0262294527
1 90.1871049503 84.0262294527
1 90.2450123598 84.0262294527
1 90.2901738065 84.0262294527
1 90.3243936267 84.0262294527
1 90.3491652988 84.0262294527
1 90.2173319775 84.0262294527
1 90.2696285068 84.0262294527
1 90.3313377471 84.0262294527
1 90.3887862368 84.0262294527
1 90.4380206566 84.0262294527
1 90.4778019363 84.0262294527
1 90.5111649369 84.0262294527
1 90.5335464786 84.0262294527
1 90.5499461493 84.0262294527
1 90.6359136154 84.0262294527
1 90.6784330439 84.0262294527
1 90.6968177899 84.0262294527
1 90.7010792149 84.0262294527
1 90.6960860012 84.0262294527
1 90.6835633766 84.0262294527
1 90.6684000767 84.0262294527
1 90.6487919035 84.0262294527
1 90.7024720160 84.0262294527
1 90.7179714004 84.0262294527
1 90.7117568226 84.0262294527
1 90.6934651660 84.0262294527
1 90.6678412380 84.0262294527
1 90.6372154092 84.0262294527
1 90.6018889183 84.0262294527
1 90.5667279084 84.0262294527
1 90.6075367206 84.0262294527
1 90.6112242287 84.0262294527
1 90.5928798658 84.0262294527
1 90.5624977167 84.0262294527
1 90.5285737885 84.0262294527
1 90.4906757862 84.0262294527
1 90.4489603465 84.0262294527
1 90.4075863914 84.0262294527
1 90.4421795801 84.0262294527
1 90.4374789800 84.0262294527
1 90.4129862047 84.0262294527
1 90.3780148982 84.0262294527
1 90.3408709761 84.0262294527
1 90.3007897432 84.0262294527
1 90.2577979846 84.0262294527
1 90.2159158707 84.0262294527
1 90.2493215152 84.0262294527
1 90.2445039507 84.0262294527
1 90.2203556093 84.0262294527
1 90.1864711308 84.0262294527
1 90.1508775051 84.0262294527
1 90.1138787999 84.0262294527
1 90.0763652197 84.0262294527
1 90.0423481854 84.0262294527
1 90.0095954469 84.0262294527
1 89.9781594233 84.0262294527
1 89.9475521589 84.0262294527
1 89.9960521656 84.0262294527
1 90.0122756127 84.0262294527
1 90.0122610914 84.0262294527
1 90.0064341442 84.0262294527
1 89.9987647669 84.0262294527
1 89.9910123142 84.0262294527
1 89.9844904430 84.0262294527
1 89.9786379500 84.0262294527
1 89.9730765603 84.0262294527
1 89.9717292291 84.0262294527
4.18518518518518 257.5244738723 84.0262294527
4.18518518518518 248.0372335688 84.0262294527
4.18518518518518 244.3720871282 84.0262294527
4.18518518518518 242.8061966140 84.0262294527
4.18518518518518 242.0966201364 84.0262294527
4.18518518518518 240.8472798644 84.0262294527
4.18518518518518 238.7699653858 84.0262294527
4.18518518518518 236.8255188473 84.0262294527
4.18518518518518 234.6687438251 84.0262294527
4.18518518518518 233.3352752646 84.0262294527
4.18518518518518 231.7438464284 84.0262294527
4.18518518518518 229.1739459968 84.0262294527
4.18518518518518 226.4309113253 84.0262294527
4.18518518518518 224.0282057556 84.0262294527
4.18518518518518 222.5521209022 84.0262294527
4.18518518518518 220.7858981935 84.0262294527
4.18518518518518 218.8704649732 84.0262294527
4.18518518518518 216.9249147459 84.0262294527
4.18518518518518 213.6096847455 84.0262294527
4.18518518518518 211.0817678655 84.0262294527
4.18518518518518 208.6524360225 84.0262294527
4.18518518518518 206.3458922940 84.0262294527
4.18518518518518 204.1611479723 84.0262294527
4.18518518518518 202.7200288682 84.0262294527
4.18518518518518 201.0149511388 84.0262294527
4.18518518518518 199.3075023743 84.0262294527
4.18518518518518 197.5920433446 84.0262294527
4.18518518518518 195.0739208992 84.0262294527
4.18518518518518 193.3826034960 84.0262294527
4.18518518518518 191.6506561262 84.0262294527
4.18518518518518 189.6639496550 84.0262294527
4.18518518518518 187.8164374386 84.0262294527
1 76.0446529716 84.0262294527
1 76.7716708067 84.0262294527
1 76.8258486907 84.0262294527
1 76.8367710732 84.0262294527
1 76.8446194848 84.0262294527
1 76.8658679967 84.0262294527
1 76.9096793777 84.0262294527
1 77.0257806405 84.0262294527
1 77.2626285232 84.0262294527
1 77.4225764193 84.0262294527
1 77.5457527176 84.0262294527
1 77.6575442078 84.0262294527
1 77.8868586245 84.0262294527
1 78.0562345319 84.0262294527
1 78.3535699374 84.0262294527
1 78.3368495822 84.0262294527
1 78.4273486208 84.0262294527
1 78.6169379008 84.0262294527
1 78.7832729377 84.0262294527
1 79.0321841418 84.0262294527
1 79.4405378323 84.0262294527
1 79.7121604713 84.0262294527
1 79.9753764818 84.0262294527
1 79.9662287905 84.0262294527
1 80.0693471457 84.0262294527
1 80.2209369773 84.0262294527
1 80.3965284653 84.0262294527
1 80.7642661450 84.0262294527
1 81.0328138874 84.0262294527
1 81.2858610692 84.0262294527
1 81.2912055022 84.0262294527
1 81.3820286943 84.0262294527
1 81.5139641808 84.0262294527
1 81.6598886258 84.0262294527
1 81.8583780487 84.0262294527
1 82.0256940872 84.0262294527
1 82.1753470923 84.0262294527
1 82.4357214362 84.0262294527
1 82.6542258349 84.0262294527
1 82.6475015392 84.0262294527
1 82.7941037985 84.0262294527
1 82.9564432258 84.0262294527
1 83.1232481560 84.0262294527
1 83.2906861697 84.0262294527
1 83.4519232056 84.0262294527
1 83.6032625328 84.0262294527
1 83.7471844970 84.0262294527
1 83.9507268722 84.0262294527
1 84.1197083705 84.0262294527
1 84.0943464312 84.0262294527
1 84.1585044459 84.0262294527
1 84.2638502295 84.0262294527
1 84.3846022030 84.0262294527
1 84.5084162936 84.0262294527
1 84.6947073301 84.0262294527
1 84.8441294239 84.0262294527
1 84.9729485181 84.0262294527
1 85.0886506655 84.0262294527
1 85.1921575901 84.0262294527
1 85.2872961063 84.0262294527
1 85.3725166230 84.0262294527
1 85.4511298128 84.0262294527
1 85.5949252637 84.0262294527
1 85.7008386140 84.0262294527
1 85.7826012297 84.0262294527
1 85.8503677245 84.0262294527
1 85.9106014654 84.0262294527
1 85.8064523472 84.0262294527
1 85.8006076680 84.0262294527
1 85.9573649456 84.0262294527
1 86.1273474768 84.0262294527
1 86.2474236054 84.0262294527
1 86.3371566839 84.0262294527
1 86.4121639700 84.0262294527
1 86.4775876879 84.0262294527
1 86.5350999077 84.0262294527
1 86.5866185900 84.0262294527
1 86.6331545864 84.0262294527
1 86.7399811959 84.0262294527
1 86.8108545374 84.0262294527
1 86.8620110122 84.0262294527
1 86.9011531259 84.0262294527
1 86.9322011972 84.0262294527
1 86.9572494836 84.0262294527
1 86.9774033061 84.0262294527
1 86.9933556268 84.0262294527
1 87.0680669654 84.0262294527
1 87.1101291729 84.0262294527
1 89.4538543512 84.0262294527
1 93.6958949770 84.0262294527
1 93.1064784644 84.0262294527
1 91.8489442117 84.0262294527
1 91.2340850811 84.0262294527
1 90.6019711260 84.0262294527
1 90.2051853545 84.0262294527
1 89.7241721671 84.0262294527
1 89.2301733668 84.0262294527
1 88.7678154188 84.0262294527
1 88.5618521542 84.0262294527
1 88.3268895704 84.0262294527
1 88.0496133252 84.0262294527
1 87.7767175309 84.0262294527
1 87.5172738856 84.0262294527
1 87.2871837092 84.0262294527
1 87.2678550473 84.0262294527
1 87.1601600092 84.0262294527
1 87.0171762457 84.0262294527
1 86.8708119513 84.0262294527
1 86.7330123757 84.0262294527
1 86.6445538494 84.0262294527
1 86.5521233895 84.0262294527
1 86.4639630667 84.0262294527
1 86.3834935153 84.0262294527
1 86.3116380723 84.0262294527
1 86.2484692125 84.0262294527
1 86.1931541219 84.0262294527
1 86.1448060818 84.0262294527
1 86.1026715517 84.0262294527
1 86.0660449025 84.0262294527
1 86.0343418930 84.0262294527
1 86.2149130188 84.0262294527
1 86.2751529333 84.0262294527
1 86.2728667411 84.0262294527
1 86.2460875018 84.0262294527
4.18518518518518 238.3312005260 84.0262294527
4.18518518518518 231.2132299374 84.0262294527
4.18518518518518 228.8934293680 84.0262294527
4.18518518518518 227.6945029430 84.0262294527
4.18518518518518 226.4464772762 84.0262294527
4.18518518518518 225.1961207434 84.0262294527
4.18518518518518 223.9404634939 84.0262294527
4.18518518518518 222.7201598812 84.0262294527
4.18518518518518 221.2779523434 84.0262294527
4.18518518518518 219.9133366183 84.0262294527
4.18518518518518 219.1708991375 84.0262294527
4.18518518518518 216.9495103188 84.0262294527
4.18518518518518 214.9020246647 84.0262294527
4.18518518518518 213.0007503623 84.0262294527
4.18518518518518 210.9568333574 84.0262294527
4.18518518518518 209.6659541173 84.0262294527
4.18518518518518 208.1533202607 84.0262294527
4.18518518518518 206.4993916658 84.0262294527
4.18518518518518 203.8617593488 84.0262294527
4.18518518518518 201.3240496567 84.0262294527
4.18518518518518 199.6981016136 84.0262294527
4.18518518518518 197.9285252985 84.0262294527
4.18518518518518 196.1279270105 84.0262294527
1 77.3643625275 84.0262294527
1 77.9342221265 84.0262294527
1 77.8609739228 84.0262294527
1 77.7400355750 84.0262294527
1 77.6711418817 84.0262294527
1 77.6119190276 84.0262294527
1 77.5785064625 84.0262294527
1 77.5560539997 84.0262294527
1 77.5566542422 84.0262294527
1 77.5815687302 84.0262294527
1 77.6271207299 84.0262294527
1 77.7872845003 84.0262294527
1 78.0510353730 84.0262294527
1 78.2058469676 84.0262294527
1 78.3356768927 84.0262294527
1 78.5056877595 84.0262294527
1 78.6767840702 84.0262294527
1 78.9610053440 84.0262294527
1 79.1562760172 84.0262294527
1 79.3154348219 84.0262294527
1 79.5142816591 84.0262294527
1 79.6725149793 84.0262294527
1 79.6533572796 84.0262294527
1 79.9683073496 84.0262294527
1 80.1841709590 84.0262294527
1 80.3615520450 84.0262294527
1 80.5729537524 84.0262294527
1 80.7474618601 84.0262294527
1 80.9354058652 84.0262294527
1 81.0949947376 84.0262294527
1 81.0313400148 84.0262294527
1 81.2141932705 84.0262294527
1 81.3850690160 84.0262294527
1 81.5817450739 84.0262294527
1 81.7477504764 84.0262294527
1 81.9221511068 84.0262294527
1 82.0729607069 84.0262294527
1 82.2096732710 84.0262294527
1 82.3370624761 84.0262294527
1 82.2782993999 84.0262294527
1 82.3227151213 84.0262294527
1 82.4161301666 84.0262294527
1 82.5293008948 84.0262294527
1 82.7972238159 84.0262294527
1 82.9956611468 84.0262294527
1 83.1569738248 84.0262294527
1 83.2928469620 84.0262294527
1 83.4151235246 84.0262294527
1 83.5307559319 84.0262294527
1 83.4570098563 84.0262294527
1 83.4894092087 84.0262294527
1 83.5487509340 84.0262294527
1 83.6292324481 84.0262294527
1 83.7247336412 84.0262294527
1 83.8222875209 84.0262294527
1 83.9163294152 84.0262294527
1 84.0082101456 84.0262294527
1 84.0972530120 84.0262294527
1 84.1796063186 84.0262294527
1 84.2583690176 84.0262294527
1 84.3312387504 84.0262294527
1 84.4015789263 84.0262294527
4.18518518518518 230.2710052512 84.0262294527
4.18518518518518 223.8050256501 84.0262294527
4.18518518518518 222.7513741278 84.0262294527
4.18518518518518 222.1413749234 84.0262294527
4.18518518518518 221.6374019782 84.0262294527
4.18518518518518 221.7554530785 84.0262294527
4.18518518518518 221.4982361794 84.0262294527
4.18518518518518 220.9800628080 84.0262294527
4.18518518518518 220.3002214615 84.0262294527
4.18518518518518 218.8208566285 84.0262294527
4.18518518518518 217.4874709456 84.0262294527
4.18518518518518 215.9428900160 84.0262294527
4.18518518518518 214.5268466942 84.0262294527
4.18518518518518 213.2044689382 84.0262294527
4.18518518518518 211.9281494220 84.0262294527
4.18518518518518 210.1983834473 84.0262294527
4.18518518518518 208.4570945826 84.0262294527
4.18518518518518 206.7408525043 84.0262294527
4.18518518518518 205.0534747402 84.0262294527
4.18518518518518 203.4107096913 84.0262294527
4.18518518518518 202.2962995455 84.0262294527
1 77.9910756999 84.0262294527
1 78.6184661811 84.0262294527
1 78.6073099321 84.0262294527
1 78.5444701991 84.0262294527
1 78.4839024282 84.0262294527
1 78.4464910478 84.0262294527
1 78.4196561377 84.0262294527
1 78.4140334701 84.0262294527
1 78.4279695376 84.0262294527
1 78.6064577851 84.0262294527
1 78.7203157276 84.0262294527
1 78.8100422682 84.0262294527
1 78.9187807706 84.0262294527
1 79.0151159793 84.0262294527
1 79.1086628738 84.0262294527
1 79.2695004900 84.0262294527
1 79.5446093350 84.0262294527
1 79.7247067785 84.0262294527
1 79.8668224517 84.0262294527
1 79.9995865411 84.0262294527
1 80.1193549741 84.0262294527
1 80.0919980479 84.0262294527
1 80.1609307651 84.0262294527
1 80.4081399942 84.0262294527
1 80.5826798517 84.0262294527
1 80.7265997281 84.0262294527
1 80.8454163822 84.0262294527
1 80.9536502786 84.0262294527
1 81.1004128747 84.0262294527
1 81.2263399481 84.0262294527
1 81.3379329711 84.0262294527
1 81.4443947493 84.0262294527
1 81.3594750376 84.0262294527
1 81.5153437009 84.0262294527
1 81.6591588772 84.0262294527
1 81.7987376025 84.0262294527
1 81.9275021886 84.0262294527
1 82.0482030300 84.0262294527
1 82.2915417545 84.0262294527
1 82.4700863264 84.0262294527
1 82.6107219408 84.0262294527
1 82.7299718711 84.0262294527
1 82.6480023224 84.0262294527
1 82.6676521243 84.0262294527
1 82.7359377147 84.0262294527
1 82.8248004899 84.0262294527
1 82.9244557035 84.0262294527
1 83.0217818311 84.0262294527
1 83.1188319864 84.0262294527
1 83.2108318687 84.0262294527
1 83.3006929577 84.0262294527
1 83.3846996019 84.0262294527
1 83.4664451253 84.0262294527
1 83.5465647420 84.0262294527
1 83.7425109288 84.0262294527
1 83.8795187358 84.0262294527
1 83.9821395419 84.0262294527
1 83.8898243780 84.0262294527
1 83.8896692962 84.0262294527
1 83.9381871309 84.0262294527
1 83.9825582053 84.0262294527
1 84.0405180684 84.0262294527
1 84.1057197128 84.0262294527
1 84.1733987314 84.0262294527
1 84.2406562411 84.0262294527
1 84.3057311632 84.0262294527
1 84.3689569315 84.0262294527
1 84.4280749697 84.0262294527
1 84.4832257004 84.0262294527
1 84.5350376535 84.0262294527
1 84.5832100743 84.0262294527
1 84.6283757992 84.0262294527
1 84.6716340039 84.0262294527
1 84.7091901737 84.0262294527
1 84.7438101073 84.0262294527
1 84.7757682578 84.0262294527
1 84.8052574036 84.0262294527
1 84.8323415099 84.0262294527
1 84.8566491718 84.0262294527
1 84.8796741155 84.0262294527
1 84.9000261256 84.0262294527
1 84.9189336479 84.0262294527
1 84.9360319753 84.0262294527
1 84.9514162399 84.0262294527
1 84.9649468359 84.0262294527
1 84.9768420639 84.0262294527
1 84.9881234227 84.0262294527
1 84.9974518424 84.0262294527
1 85.0060444224 84.0262294527
1 85.0127293466 84.0262294527
1 85.0192466604 84.0262294527
1 85.0242970800 84.0262294527
1 85.0282787082 84.0262294527
1 85.0314304588 84.0262294527
1 85.0335658809 84.0262294527
1 85.0349603548 84.0262294527
1 85.0358266638 84.0262294527
1 85.0355796598 84.0262294527
1 85.0379981127 84.0262294527
1 85.0395555058 84.0262294527
1 85.0399461465 84.0262294527
1 85.0391606654 84.0262294527
1 85.0375613804 84.0262294527
1 85.0354287365 84.0262294527
1 91.1257535964 84.0262294527
1 90.2730852419 84.0262294527
1 89.7085342373 84.0262294527
1 89.1327615176 84.0262294527
1 88.8005940827 84.0262294527
1 88.3612858385 84.0262294527
1 87.8997330082 84.0262294527
1 87.6676142925 84.0262294527
1 87.3662002280 84.0262294527
1 87.0464091439 84.0262294527
1 86.7445467916 84.0262294527
1 86.4689599393 84.0262294527
1 86.4457962882 84.0262294527
1 86.3211988420 84.0262294527
1 86.1588730349 84.0262294527
1 85.9972638921 84.0262294527
1 85.8487634458 84.0262294527
1 85.7166404180 84.0262294527
1 85.5956869110 84.0262294527
1 85.4925655302 84.0262294527
1 85.4044013985 84.0262294527
1 85.5255769464 84.0262294527
1 85.5382607152 84.0262294527
1 85.4971191464 84.0262294527
1 85.4376424608 84.0262294527
1 85.3768650301 84.0262294527
1 85.3200583405 84.0262294527
1 85.2687560751 84.0262294527
1 85.2235308796 84.0262294527
1 85.1837813621 84.0262294527
1 85.1489044670 84.0262294527
1 85.1184080024 84.0262294527
1 85.0918577169 84.0262294527
1 85.0688708925 84.0262294527
1 85.0458579609 84.0262294527
1 85.0262532098 84.0262294527
1 85.0057087384 84.0262294527
1 84.9905842526 84.0262294527
1 84.9794104384 84.0262294527
1 84.9708086505 84.0262294527
1 84.9607463057 84.0262294527
1 84.9527722214 84.0262294527
1 84.9467546477 84.0262294527
1 84.9423671287 84.0262294527
1 84.9366024210 84.0262294527
1 84.9325544531 84.0262294527
1 84.9302106728 84.0262294527
1 84.9293155429 84.0262294527
1 84.9268208468 84.0262294527
1 84.9258240824 84.0262294527
1 84.9266027964 84.0262294527
1 84.9288533874 84.0262294527
1 84.9294470715 84.0262294527
1 84.9313696252 84.0262294527
1 84.9348895765 84.0262294527
1 84.9397303813 84.0262294527
1 84.9428881009 84.0262294527
1 84.9474312501 84.0262294527
1 84.9531602185 84.0262294527
1 84.9599152116 84.0262294527
1 84.9649470534 84.0262294527
1 84.9710435117 84.0262294527
1 84.9781311943 84.0262294527
1 84.9860711052 84.0262294527
1 84.9923345913 84.0262294527
1 84.9993959169 84.0262294527
1 85.0072687180 84.0262294527
1 85.0158290524 84.0262294527
1 85.0248890779 84.0262294527
1 85.0318982024 84.0262294527
1 85.0393864146 84.0262294527
1 85.0473910412 84.0262294527
1 85.0558424423 84.0262294527
1 85.0648250038 84.0262294527
1 85.0717613623 84.0262294527
1 85.0788594659 84.0262294527
1 85.0865127091 84.0262294527
1 85.0944619678 84.0262294527
1 85.1027257693 84.0262294527
1 85.1110228448 84.0262294527
1 85.1171342098 84.0262294527
1 85.1231693909 84.0262294527
1 85.1295403208 84.0262294527
1 85.1362583387 84.0262294527
1 85.1435132008 84.0262294527
1 85.1500062395 84.0262294527
1 85.1595292749 84.0262294527
1 85.1665188724 84.0262294527
1 85.1689562679 84.0262294527
1 85.1703392986 84.0262294527
1 85.1714863020 84.0262294527
1 85.1726160822 84.0262294527
1 85.1737634815 84.0262294527
1 85.1749026981 84.0262294527
1 85.1759954489 84.0262294527
1 85.1770079094 84.0262294527
1 85.1747720082 84.0262294527
1 85.1726600315 84.0262294527
1 85.1710421032 84.0262294527
1 85.1698677260 84.0262294527
1 85.1689810777 84.0262294527
1 85.1682685054 84.0262294527
1 85.1676379907 84.0262294527
1 85.1670205148 84.0262294527
1 85.1663665999 84.0262294527
1 85.1629447198 84.0262294527
1 85.1606308709 84.0262294527
1 85.1592292247 84.0262294527
1 85.1583186214 84.0262294527
1 85.1576101175 84.0262294527
1 85.0061750348 84.0262294527
1 84.9242410714 84.0262294527
1 84.8795756574 84.0262294527
1 84.8561362832 84.0262294527
1 84.8406619325 84.0262294527
1 84.8287285829 84.0262294527
1 84.8189808097 84.0262294527
1 84.8102248856 84.0262294527
1 84.8024599466 84.0262294527
1 84.7951256991 84.0262294527
1 84.7886571919 84.0262294527
1 84.7825356014 84.0262294527
1 84.7764682883 84.0262294527
1 84.7710745344 84.0262294527
4.18518518518518 231.8718016166 84.0262294527
4.18518518518518 225.1264268145 84.0262294527
4.18518518518518 223.4927055175 84.0262294527
4.18518518518518 222.6366668268 84.0262294527
4.18518518518518 221.7977408394 84.0262294527
1 81.0246386196 84.0262294527
1 81.7965265441 84.0262294527
1 82.0883070277 84.0262294527
1 82.3493829077 84.0262294527
1 82.5264021378 84.0262294527
1 82.6068005115 84.0262294527
1 82.6570617813 84.0262294527
1 82.6923570272 84.0262294527
1 82.7239602067 84.0262294527
1 82.7574026500 84.0262294527
1 82.6097314361 84.0262294527
1 82.5831545022 84.0262294527
1 82.6131392314 84.0262294527
1 82.6666486140 84.0262294527
1 82.6981459373 84.0262294527
1 82.7367805007 84.0262294527
1 82.7859032630 84.0262294527
1 82.8359173666 84.0262294527
1 82.8881420791 84.0262294527
1 82.9421346319 84.0262294527
1 83.0008908391 84.0262294527
1 83.0594545686 84.0262294527
1 83.1176604185 84.0262294527
1 83.1734554697 84.0262294527
1 83.2336769407 84.0262294527
1 83.2930084579 84.0262294527
1 83.3506798683 84.0262294527
1 83.4137330405 84.0262294527
1 83.4710699573 84.0262294527
1 83.5292196962 84.0262294527
1 83.5831451438 84.0262294527
1 83.6385948450 84.0262294527
1 83.6901479719 84.0262294527
1 83.7423657029 84.0262294527
1 83.7908495480 84.0262294527
1 83.8396748802 84.0262294527
1 83.8883654830 84.0262294527
1 83.9328106162 84.0262294527
1 83.9775558912 84.0262294527
1 84.0210849162 84.0262294527
1 84.0627514539 84.0262294527
1 84.1026698655 84.0262294527
1 83.9478171426 84.0262294527
1 83.8979118057 84.0262294527
1 83.9039297260 84.0262294527
1 83.9402666092 84.0262294527
1 83.9871442318 84.0262294527
1 84.0369215863 84.0262294527
1 84.0871026820 84.0262294527
1 84.1326098588 84.0262294527
1 84.1767278394 84.0262294527
1 84.2195002965 84.0262294527
1 84.2603719948 84.0262294527
1 84.2963109842 84.0262294527
1 84.3309700871 84.0262294527
1 84.3638513368 84.0262294527
1 84.3950457401 84.0262294527
1 84.4246917980 84.0262294527
1 84.4528299897 84.0262294527
1 84.4761243769 84.0262294527
1 84.4988639147 84.0262294527
1 84.5204060320 84.0262294527
1 84.5407302333 84.0262294527
1 84.5599048121 84.0262294527
1 84.5775506174 84.0262294527
1 84.5939040067 84.0262294527
1 84.6092157866 84.0262294527
1 84.6234365422 84.0262294527
1 84.6372171862 84.0262294527
1 84.6488345579 84.0262294527
1 84.6601212059 84.0262294527
1 84.6697296673 84.0262294527
1 84.6787474329 84.0262294527
1 84.6865422359 84.0262294527
1 84.7140481200 84.0262294527
1 84.7310593280 84.0262294527
1 84.7428850986 84.0262294527
1 84.7523726349 84.0262294527
1 84.7592468903 84.0262294527
1 84.7649720792 84.0262294527
1 84.7699614970 84.0262294527
1 84.7741869650 84.0262294527
1 84.7776450197 84.0262294527
1 84.7803578072 84.0262294527
1 84.7826614052 84.0262294527
1 84.7844901433 84.0262294527
1 84.7866936212 84.0262294527
1 84.7879431999 84.0262294527
1 84.7884102871 84.0262294527
1 84.7890241651 84.0262294527
1 84.7890282287 84.0262294527
1 84.7892935929 84.0262294527
1 84.7887586542 84.0262294527
1 84.7885534397 84.0262294527
1 84.7874223259 84.0262294527
1 84.7864221670 84.0262294527
1 84.7848370869 84.0262294527
1 84.7839153735 84.0262294527
1 84.7821486913 84.0262294527
1 84.7809917980 84.0262294527
1 84.7788436242 84.0262294527
1 84.7770923467 84.0262294527
1 84.7744054512 84.0262294527
1 84.7721316541 84.0262294527
1 84.7689981545 84.0262294527
1 84.7665870023 84.0262294527
1 84.7643004655 84.0262294527
1 84.7619535028 84.0262294527
1 84.7587956052 84.0262294527
1 84.7565136149 84.0262294527
1 84.7532728306 84.0262294527
1 84.7506508315 84.0262294527
1 84.7471018608 84.0262294527
1 84.7441741118 84.0262294527
1 84.7403767120 84.0262294527
1 84.7372149679 84.0262294527
1 84.7335327961 84.0262294527
1 84.7309553631 84.0262294527
1 84.7282471208 84.0262294527
1 84.7253942669 84.0262294527
1 84.7223814500 84.0262294527
1 83.3829638886 84.0262294527
1 91.3085022960 84.0262294527
1 90.6671264067 84.0262294527
1 90.2055735378 84.0262294527
1 89.6761925551 84.0262294527
1 89.1084835376 84.0262294527
1 88.7883003263 84.0262294527
1 88.3275818347 84.0262294527
1 88.0464227094 84.0262294527
1 87.6092120369 84.0262294527
1 87.1582512435 84.0262294527
1 86.9823414020 84.0262294527
1 86.6781173855 84.0262294527
1 86.3760356603 84.0262294527
1 86.1000625141 84.0262294527
1 85.8445808851 84.0262294527
1 85.8405328590 84.0262294527
1 85.6896470436 84.0262294527
1 85.5020378281 84.0262294527
1 85.3332153906 84.0262294527
1 85.1878990971 84.0262294527
1 85.0604024325 84.0262294527
1 84.9465513720 84.0262294527
1 85.0531465556 84.0262294527
1 85.0133253205 84.0262294527
1 84.9243581082 84.0262294527
1 84.8392723475 84.0262294527
1 84.7648377929 84.0262294527
1 84.6987714671 84.0262294527
1 84.6435974737 84.0262294527
1 84.5912765255 84.0262294527
1 84.5481700544 84.0262294527
1 84.5062196954 84.0262294527
1 84.4731862417 84.0262294527
1 84.4405990635 84.0262294527
1 84.4163405271 84.0262294527
1 84.3911830397 84.0262294527
1 84.3742237183 84.0262294527
1 84.3568963465 84.0262294527
1 84.3466804417 84.0262294527
1 84.3355057485 84.0262294527
1 84.3267489631 84.0262294527
1 84.3195183247 84.0262294527
1 84.3193455169 84.0262294527
1 84.3182785320 84.0262294527
1 84.3224897596 84.0262294527
1 84.3244444652 84.0262294527
1 84.3305740027 84.0262294527
1 84.3347574966 84.0262294527
1 84.3424805989 84.0262294527
1 84.3481847052 84.0262294527
1 84.3577661577 84.0262294527
1 84.3650707226 84.0262294527
1 84.3758274604 84.0262294527
1 84.3843693811 84.0262294527
1 84.3961423950 84.0262294527
1 84.4058483451 84.0262294527
1 84.4181520181 84.0262294527
1 84.5570375469 84.0262294527
1 84.6244742046 84.0262294527
1 84.6602787969 84.0262294527
1 84.6864918170 84.0262294527
1 84.7084971432 84.0262294527
1 84.7326497081 84.0262294527
1 84.7549544941 84.0262294527
1 84.7787561933 84.0262294527
1 84.8005933660 84.0262294527
1 84.8049477196 84.0262294527
1 84.8125367398 84.0262294527
1 84.8246123301 84.0262294527
1 84.8363222943 84.0262294527
1 84.8512245478 84.0262294527
1 84.8681345800 84.0262294527
1 84.8831755168 84.0262294527
1 84.8995167042 84.0262294527
1 84.9166502062 84.0262294527
1 84.9310063997 84.0262294527
1 84.9460566865 84.0262294527
1 84.9619688254 84.0262294527
1 84.9751831818 84.0262294527
1 84.9885169831 84.0262294527
1 85.0017183592 84.0262294527
1 85.0109342157 84.0262294527
1 85.0201067380 84.0262294527
1 85.0287636440 84.0262294527
1 85.0335773293 84.0262294527
1 85.0425155849 84.0262294527
1 85.0497824990 84.0262294527
1 85.0517711292 84.0262294527
1 85.0542638479 84.0262294527
1 85.0568570915 84.0262294527
1 85.0558530180 84.0262294527
1 85.0556291189 84.0262294527
1 85.0563985993 84.0262294527
1 85.0542440945 84.0262294527
1 85.0531410337 84.0262294527
1 85.0538669421 84.0262294527
1 85.0549145273 84.0262294527
1 85.0514576549 84.0262294527
1 85.0498761908 84.0262294527
1 85.1708266629 84.0262294527
1 85.2384289823 84.0262294527
1 85.2709652552 84.0262294527
1 85.2864163783 84.0262294527
1 85.2970278026 84.0262294527
1 85.3057422491 84.0262294527
1 85.3092354827 84.0262294527
1 85.3126556712 84.0262294527
1 85.3163282002 84.0262294527
1 85.3199652708 84.0262294527
1 85.3193170242 84.0262294527
1 85.3203496773 84.0262294527
1 85.3224628151 84.0262294527
1 85.3248181014 84.0262294527
1 85.3269150618 84.0262294527
1 85.3246121136 84.0262294527
1 85.3238472033 84.0262294527
1 85.3240341877 84.0262294527
1 85.3243688203 84.0262294527
1 85.3243890618 84.0262294527
1 85.3247231115 84.0262294527
1 85.3248127894 84.0262294527
1 85.3212774088 84.0262294527
1 85.3188401524 84.0262294527
1 85.3170328685 84.0262294527
1 85.3152054133 84.0262294527
1 85.3138603123 84.0262294527
4.18518518518518 230.2947143538 84.0262294527
4.18518518518518 223.1847739682 84.0262294527
4.18518518518518 221.8907957573 84.0262294527
4.18518518518518 220.9798643124 84.0262294527
4.18518518518518 219.9849444778 84.0262294527
4.18518518518518 218.9300019102 84.0262294527
4.18518518518518 217.8992684778 84.0262294527
4.18518518518518 216.4555616197 84.0262294527
4.18518518518518 215.7994333836 84.0262294527
4.18518518518518 214.7796395816 84.0262294527
4.18518518518518 213.5323081615 84.0262294527
4.18518518518518 211.3881924057 84.0262294527
4.18518518518518 209.4572025794 84.0262294527
4.18518518518518 207.6634609685 84.0262294527
4.18518518518518 206.5466666205 84.0262294527
4.18518518518518 205.1383100619 84.0262294527
4.18518518518518 203.5727324446 84.0262294527
4.18518518518518 200.8895360820 84.0262294527
4.18518518518518 198.3146563753 84.0262294527
4.18518518518518 196.7173771133 84.0262294527
4.18518518518518 194.9776999061 84.0262294527
4.18518518518518 193.1689055923 84.0262294527
4.18518518518518 191.4547826624 84.0262294527
4.18518518518518 189.7982738002 84.0262294527
1 78.0195464534 84.0262294527
1 78.2402076144 84.0262294527
1 78.1301993661 84.0262294527
1 77.9726089864 84.0262294527
1 78.0151674167 84.0262294527
1 77.9306193903 84.0262294527
1 77.8482034853 84.0262294527
1 77.7736545194 84.0262294527
1 77.7236143791 84.0262294527
1 77.6976029163 84.0262294527
1 77.6922381243 84.0262294527
1 77.7039906132 84.0262294527
1 77.7299874041 84.0262294527
1 77.7679494291 84.0262294527
1 77.8010501642 84.0262294527
1 77.9980428862 84.0262294527
1 78.1538737491 84.0262294527
1 78.2529854491 84.0262294527
1 78.3454886831 84.0262294527
1 78.4363311021 84.0262294527
1 78.5312419938 84.0262294527
1 78.6312005456 84.0262294527
1 78.9466481754 84.0262294527
1 79.0959275157 84.0262294527
1 79.1974974667 84.0262294527
1 79.2965925050 84.0262294527
1 79.3959101054 84.0262294527
1 79.4984920361 84.0262294527
1 79.6045743350 84.0262294527
1 79.7485205295 84.0262294527
1 79.8789588774 84.0262294527
1 80.1124779385 84.0262294527
1 80.2630617401 84.0262294527
1 80.3808983027 84.0262294527
1 80.4935009598 84.0262294527
1 80.6004705940 84.0262294527
1 80.7040936373 84.0262294527
1 80.8051353782 84.0262294527
1 80.7174448732 84.0262294527
1 80.7459313310 84.0262294527
1 80.8301118172 84.0262294527
1 80.9320652510 84.0262294527
1 81.0447036601 84.0262294527
1 81.1605702469 84.0262294527
1 81.2728148245 84.0262294527
1 81.3830533998 84.0262294527
1 81.4910701574 84.0262294527
1 81.5629243620 84.0262294527
1 81.6432682304 84.0262294527
1 81.7333272717 84.0262294527
1 81.8313375917 84.0262294527
1 81.9245292109 84.0262294527
1 82.0166132995 84.0262294527
1 81.9147055504 84.0262294527
1 81.9148700789 84.0262294527
1 81.9698170927 84.0262294527
1 82.1649033053 84.0262294527
1 82.3266713707 84.0262294527
1 82.4528860616 84.0262294527
1 82.5606752584 84.0262294527
1 82.6638555267 84.0262294527
1 82.7557406798 84.0262294527
1 82.8414467301 84.0262294527
1 82.9199864066 84.0262294527
1 82.9936401143 84.0262294527
1 83.0647406430 84.0262294527
1 83.1282658793 84.0262294527
1 83.1889620932 84.0262294527
1 83.0581627501 84.0262294527
1 83.0267690675 84.0262294527
1 83.0486472949 84.0262294527
1 83.0946887934 84.0262294527
1 83.1502056041 84.0262294527
1 83.2085409612 84.0262294527
1 83.2667433433 84.0262294527
1 83.3237926215 84.0262294527
1 83.3777768989 84.0262294527
1 83.4287745228 84.0262294527
1 83.4767303756 84.0262294527
1 83.5209732224 84.0262294527
1 83.5617788196 84.0262294527
1 83.5995195256 84.0262294527
1 83.6343648587 84.0262294527
1 83.6666428726 84.0262294527
1 83.6964203940 84.0262294527
1 83.7239652617 84.0262294527
1 83.7495040469 84.0262294527
1 83.7699826764 84.0262294527
1 83.7896644245 84.0262294527
1 83.8079441019 84.0262294527
1 83.8248572828 84.0262294527
1 83.8404231339 84.0262294527
1 83.8554348952 84.0262294527
1 83.8682387246 84.0262294527
1 83.8794695832 84.0262294527
1 83.8902619711 84.0262294527
1 83.8993825931 84.0262294527
1 83.9078202605 84.0262294527
1 83.9156706988 84.0262294527
1 83.9217757981 84.0262294527
1 83.9273609982 84.0262294527
1 83.9325259778 84.0262294527
1 83.9370802799 84.0262294527
1 83.9409066973 84.0262294527
1 83.9442676502 84.0262294527
1 83.9470698636 84.0262294527
1 83.9492572475 84.0262294527
