2.48148148148148 152.1224992806 85.0817942492
2.48148148148148 152.6918428998 85.0817942492
2.48148148148148 152.6918428998 85.0817942492
2.48148148148148 153.4085899160 85.0817942492
2.48148148148148 153.4085899160 85.0817942492
2.48148148148148 178.3253707317 85.0817942492
2.48148148148148 178.3253707317 85.0817942492
2.48148148148148 186.1615834710 85.0817942492
2.48148148148148 186.1615834710 85.0817942492
2.48148148148148 187.5000290338 85.0817942492
2.48148148148148 187.5000290338 85.0817942492
2.48148148148148 186.8686867721 85.0817942492
2.48148148148148 186.8686867721 85.0817942492
2.48148148148148 170.6435987264 85.0817942492
2.48148148148148 170.6435987264 85.0817942492
2.48148148148148 178.6236801120 85.0817942492
2.48148148148148 178.6236801120 85.0817942492
2.48148148148148 180.3335771426 85.0817942492
2.48148148148148 180.3335771426 85.0817942492
2.48148148148148 178.4022751106 85.0817942492
2.48148148148148 178.4022751106 85.0817942492
2.48148148148148 179.7001411185 85.0817942492
2.48148148148148 179.7001411185 85.0817942492
2.48148148148148 179.1193481414 85.0817942492
2.48148148148148 179.1193481414 85.0817942492
2.48148148148148 177.4023425785 85.0817942492
2.48148148148148 177.4023425785 85.0817942492
2.48148148148148 166.5279416027 85.0817942492
2.48148148148148 166.5279416027 85.0817942492
2.48148148148148 172.9084775343 85.0817942492
2.48148148148148 172.9084775343 85.0817942492
2.48148148148148 173.6021228394 85.0817942492
2.48148148148148 173.6021228394 85.0817942492
2.48148148148148 172.6699599139 85.0817942492
2.48148148148148 172.6699599139 85.0817942492
2.48148148148148 152.8298432064 85.0817942492
2.48148148148148 152.8298432064 85.0817942492
2.48148148148148 167.7639102289 85.0817942492
2.48148148148148 167.7639102289 85.0817942492
2.48148148148148 169.8551078127 85.0817942492
2.48148148148148 169.8551078127 85.0817942492
2.48148148148148 169.3775979616 85.0817942492
2.48148148148148 169.3775979616 85.0817942492
2.48148148148148 169.3775979616 85.0817942492
2.48148148148148 169.3775979616 85.0817942492
2.48148148148148 151.7064340101 85.0817942492
2.48148148148148 151.7064340101 85.0817942492
2.48148148148148 167.6858750890 85.0817942492
2.48148148148148 167.6858750890 85.0817942492
2.48148148148148 167.6858750890 85.0817942492
2.48148148148148 167.6858750890 85.0817942492
2.48148148148148 169.0944757221 85.0817942492
2.48148148148148 169.0944757221 85.0817942492
2.48148148148148 168.8307031952 85.0817942492
2.48148148148148 168.8307031952 85.0817942492
2.48148148148148 167.3977564165 85.0817942492
2.48148148148148 167.3977564165 85.0817942492
2.48148148148148 160.5732534961 85.0817942492
2.48148148148148 160.5732534961 85.0817942492
2.48148148148148 166.3398760239 85.0817942492
2.48148148148148 166.3398760239 85.0817942492
2.48148148148148 166.3398760239 85.0817942492
2.48148148148148 166.3398760239 85.0817942492
2.48148148148148 166.3398760239 85.0817942492
2.48148148148148 166.3398760239 85.0817942492
2.48148148148148 165.9880018496 85.0817942492
2.48148148148148 165.9880018496 85.0817942492
2.48148148148148 151.7646203489 85.0817942492
2.48148148148148 151.7646203489 85.0817942492
2.48148148148148 165.2034242613 85.0817942492
2.48148148148148 165.2034242613 85.0817942492
2.48148148148148 166.2784391516 85.0817942492
2.48148148148148 166.2784391516 85.0817942492
2.48148148148148 150.4940215357 85.0817942492
2.48148148148148 150.4940215357 85.0817942492
2.48148148148148 163.8571892522 85.0817942492
2.48148148148148 163.8571892522 85.0817942492
2.48148148148148 164.6799073202 85.0817942492
2.48148148148148 164.6799073202 85.0817942492
2.48148148148148 164.6799073202 85.0817942492
2.48148148148148 164.6799073202 85.0817942492
2.48148148148148 164.6799073202 85.0817942492
2.48148148148148 164.6799073202 85.0817942492
2.48148148148148 164.6799073202 85.0817942492
2.48148148148148 164.6799073202 85.0817942492
2.48148148148148 162.5226091585 85.0817942492
2.48148148148148 162.5226091585 85.0817942492
2.48148148148148 149.6999049786 85.0817942492
2.48148148148148 149.6999049786 85.0817942492
2.48148148148148 158.8158978210 85.0817942492
2.48148148148148 158.8158978210 85.0817942492
2.48148148148148 158.8158978210 85.0817942492
2.48148148148148 158.8158978210 85.0817942492
2.48148148148148 158.8158978210 85.0817942492
2.48148148148148 158.8158978210 85.0817942492
2.48148148148148 158.8158978210 85.0817942492
2.48148148148148 158.8158978210 85.0817942492
2.48148148148148 163.7496298309 85.0817942492
2.48148148148148 163.7496298309 85.0817942492
2.48148148148148 162.5632764957 85.0817942492
2.48148148148148 162.5632764957 85.0817942492
2.48148148148148 165.5880667593 85.0817942492
2.48148148148148 165.5880667593 85.0817942492
2.48148148148148 166.0153314109 85.0817942492
2.48148148148148 166.0153314109 85.0817942492
2.48148148148148 148.7558938499 85.0817942492
2.48148148148148 148.7558938499 85.0817942492
2.48148148148148 162.6282746184 85.0817942492
2.48148148148148 162.6282746184 85.0817942492
2.48148148148148 163.6473715998 85.0817942492
2.48148148148148 163.6473715998 85.0817942492
2.48148148148148 162.4571828889 85.0817942492
2.48148148148148 162.4571828889 85.0817942492
2.48148148148148 157.7720821137 85.0817942492
2.48148148148148 157.7720821137 85.0817942492
2.48148148148148 157.7720821137 85.0817942492
2.48148148148148 157.7720821137 85.0817942492
2.48148148148148 162.0640827760 85.0817942492
2.48148148148148 162.0640827760 85.0817942492
2.48148148148148 160.7371698987 85.0817942492
2.48148148148148 160.7371698987 85.0817942492
2.48148148148148 160.7371698987 85.0817942492
2.48148148148148 160.7371698987 85.0817942492
2.48148148148148 158.0601980019 85.0817942492
2.48148148148148 158.0601980019 85.0817942492
2.48148148148148 157.7982840948 85.0817942492
2.48148148148148 157.7982840948 85.0817942492
2.48148148148148 161.8678349388 85.0817942492
2.48148148148148 161.8678349388 85.0817942492
2.48148148148148 144.8106777917 85.0817942492
2.48148148148148 144.8106777917 85.0817942492
2.48148148148148 158.0082383941 85.0817942492
2.48148148148148 158.0082383941 85.0817942492
2.48148148148148 155.9735575046 85.0817942492
2.48148148148148 155.9735575046 85.0817942492
2.48148148148148 160.0621754203 85.0817942492
2.48148148148148 160.0621754203 85.0817942492
2.48148148148148 145.7881335372 85.0817942492
2.48148148148148 145.7881335372 85.0817942492
2.48148148148148 145.7881335372 85.0817942492
2.48148148148148 145.7881335372 85.0817942492
2.48148148148148 155.3285775219 85.0817942492
2.48148148148148 155.3285775219 85.0817942492
2.48148148148148 159.1813002725 85.0817942492
2.48148148148148 159.1813002725 85.0817942492
2.48148148148148 157.5428327014 85.0817942492
2.48148148148148 157.5428327014 85.0817942492
2.48148148148148 156.5692114967 85.0817942492
2.48148148148148 156.5692114967 85.0817942492
2.48148148148148 153.3024394504 85.0817942492
2.48148148148148 153.3024394504 85.0817942492
2.48148148148148 157.4620576526 85.0817942492
2.48148148148148 157.4620576526 85.0817942492
2.48148148148148 156.8763681159 85.0817942492
2.48148148148148 156.8763681159 85.0817942492
2.48148148148148 156.8763681159 85.0817942492
2.48148148148148 156.8763681159 85.0817942492
2.48148148148148 142.7532288523 85.0817942492
2.48148148148148 142.7532288523 85.0817942492
2.48148148148148 151.9629182400 85.0817942492
2.48148148148148 151.9629182400 85.0817942492
2.48148148148148 151.9629182400 85.0817942492
2.48148148148148 151.9629182400 85.0817942492
2.48148148148148 151.9629182400 85.0817942492
2.48148148148148 151.9629182400 85.0817942492
2.48148148148148 155.4705301727 85.0817942492
2.48148148148148 155.4705301727 85.0817942492
2.48148148148148 155.7848051308 85.0817942492
2.48148148148148 155.7848051308 85.0817942492
2.48148148148148 155.7848051308 85.0817942492
2.48148148148148 155.7848051308 85.0817942492
2.48148148148148 141.6526191665 85.0817942492
2.48148148148148 141.6526191665 85.0817942492
2.48148148148148 150.3725506873 85.0817942492
2.48148148148148 150.3725506873 85.0817942492
2.48148148148148 150.3725506873 85.0817942492
2.48148148148148 150.3725506873 85.0817942492
2.48148148148148 154.4415382100 85.0817942492
2.48148148148148 154.4415382100 85.0817942492
2.48148148148148 155.2048214406 85.0817942492
2.48148148148148 155.2048214406 85.0817942492
2.48148148148148 154.4631065966 85.0817942492
2.48148148148148 154.4631065966 85.0817942492
2.48148148148148 150.3884555311 85.0817942492
2.48148148148148 150.3884555311 85.0817942492
2.48148148148148 154.8102383660 85.0817942492
2.48148148148148 154.8102383660 85.0817942492
2.48148148148148 153.3016448836 85.0817942492
2.48148148148148 153.3016448836 85.0817942492
2.48148148148148 132.3682935723 85.0817942492
2.48148148148148 132.3682935723 85.0817942492
2.48148148148148 143.1841180300 85.0817942492
2.48148148148148 143.1841180300 85.0817942492
2.48148148148148 144.2715595184 85.0817942492
2.48148148148148 144.2715595184 85.0817942492
2.48148148148148 149.0716867350 85.0817942492
2.48148148148148 149.0716867350 85.0817942492
2.48148148148148 152.8127889182 85.0817942492
2.48148148148148 152.8127889182 85.0817942492
2.48148148148148 153.3447284648 85.0817942492
2.48148148148148 153.3447284648 85.0817942492
2.48148148148148 139.1619234894 85.0817942492
2.48148148148148 139.1619234894 85.0817942492
2.48148148148148 139.1619234894 85.0817942492
2.48148148148148 139.1619234894 85.0817942492
2.48148148148148 147.9002020895 85.0817942492
2.48148148148148 147.9002020895 85.0817942492
2.48148148148148 151.6864608119 85.0817942492
2.48148148148148 151.6864608119 85.0817942492
2.48148148148148 150.2700065934 85.0817942492
2.48148148148148 150.2700065934 85.0817942492
2.48148148148148 148.5259726332 85.0817942492
2.48148148148148 148.5259726332 85.0817942492
2.48148148148148 140.0182911530 85.0817942492
2.48148148148148 140.0182911530 85.0817942492
2.48148148148148 151.9707194285 85.0817942492
2.48148148148148 151.9707194285 85.0817942492
2.48148148148148 137.6251963615 85.0817942492
2.48148148148148 137.6251963615 85.0817942492
2.48148148148148 150.2987358405 85.0817942492
2.48148148148148 150.2987358405 85.0817942492
2.48148148148148 150.9650078791 85.0817942492
2.48148148148148 150.9650078791 85.0817942492
2.48148148148148 149.3167410906 85.0817942492
2.48148148148148 149.3167410906 85.0817942492
2.48148148148148 147.5017156462 85.0817942492
2.48148148148148 147.5017156462 85.0817942492
2.48148148148148 147.3784138460 85.0817942492
2.48148148148148 147.3784138460 85.0817942492
2.48148148148148 150.6144436178 85.0817942492
2.48148148148148 150.6144436178 85.0817942492
2.48148148148148 150.4989125984 85.0817942492
2.48148148148148 150.4989125984 85.0817942492
2.48148148148148 144.6109282587 85.0817942492
2.48148148148148 144.6109282587 85.0817942492
2.48148148148148 148.4448029405 85.0817942492
2.48148148148148 148.4448029405 85.0817942492
2.48148148148148 147.8254263883 85.0817942492
2.48148148148148 147.8254263883 85.0817942492
2.48148148148148 143.0304978275 85.0817942492
2.48148148148148 143.0304978275 85.0817942492
2.48148148148148 146.9022599488 85.0817942492
2.48148148148148 146.9022599488 85.0817942492
2.48148148148148 146.2959368302 85.0817942492
2.48148148148148 146.2959368302 85.0817942492
2.48148148148148 142.4699503773 85.0817942492
2.48148148148148 142.4699503773 85.0817942492
2.48148148148148 146.3180232401 85.0817942492
2.48148148148148 146.3180232401 85.0817942492
2.48148148148148 145.7489840355 85.0817942492
2.48148148148148 145.7489840355 85.0817942492
2.48148148148148 144.1680400366 85.0817942492
2.48148148148148 144.1680400366 85.0817942492
2.48148148148148 135.4532309839 85.0817942492
2.48148148148148 135.4532309839 85.0817942492
2.48148148148148 146.7260866077 85.0817942492
2.48148148148148 146.7260866077 85.0817942492
2.48148148148148 147.4879334362 85.0817942492
2.48148148148148 147.4879334362 85.0817942492
2.48148148148148 147.4879334362 85.0817942492
2.48148148148148 147.4879334362 85.0817942492
2.48148148148148 147.4879334362 85.0817942492
2.48148148148148 147.4879334362 85.0817942492
2.48148148148148 147.4879334362 85.0817942492
2.48148148148148 147.4879334362 85.0817942492
2.48148148148148 146.9720186037 85.0817942492
2.48148148148148 146.9720186037 85.0817942492
2.48148148148148 144.4989553610 85.0817942492
2.48148148148148 144.4989553610 85.0817942492
2.48148148148148 133.6847575648 85.0817942492
2.48148148148148 133.6847575648 85.0817942492
2.48148148148148 142.1568629935 85.0817942492
2.48148148148148 142.1568629935 85.0817942492
2.48148148148148 146.1300946727 85.0817942492
2.48148148148148 146.1300946727 85.0817942492
2.48148148148148 146.1300946727 85.0817942492
2.48148148148148 146.1300946727 85.0817942492
2.48148148148148 133.4203869935 85.0817942492
2.48148148148148 133.4203869935 85.0817942492
2.48148148148148 144.9029454510 85.0817942492
2.48148148148148 144.9029454510 85.0817942492
2.48148148148148 145.7867787876 85.0817942492
2.48148148148148 145.7867787876 85.0817942492
2.48148148148148 142.5884494691 85.0817942492
2.48148148148148 142.5884494691 85.0817942492
2.48148148148148 146.1805276263 85.0817942492
2.48148148148148 146.1805276263 85.0817942492
2.48148148148148 140.7974436637 85.0817942492
2.48148148148148 140.7974436637 85.0817942492
2.48148148148148 144.7578063634 85.0817942492
2.48148148148148 144.7578063634 85.0817942492
2.48148148148148 134.0900045551 85.0817942492
2.48148148148148 134.0900045551 85.0817942492
2.48148148148148 144.7675722081 85.0817942492
2.48148148148148 144.7675722081 85.0817942492
2.48148148148148 144.7675722081 85.0817942492
2.48148148148148 144.7675722081 85.0817942492
2.48148148148148 144.8346813593 85.0817942492
2.48148148148148 144.8346813593 85.0817942492
2.48148148148148 143.1525844811 85.0817942492
2.48148148148148 143.1525844811 85.0817942492
2.48148148148148 143.1525844811 85.0817942492
2.48148148148148 143.1525844811 85.0817942492
2.48148148148148 140.1456230002 85.0817942492
2.48148148148148 140.1456230002 85.0817942492
2.48148148148148 144.0320155888 85.0817942492
2.48148148148148 144.0320155888 85.0817942492
2.48148148148148 133.7886864874 85.0817942492
2.48148148148148 133.7886864874 85.0817942492
2.48148148148148 141.7142173842 85.0817942492
2.48148148148148 141.7142173842 85.0817942492
2.48148148148148 145.0499404279 85.0817942492
2.48148148148148 145.0499404279 85.0817942492
2.48148148148148 145.0499404279 85.0817942492
2.48148148148148 145.0499404279 85.0817942492
2.48148148148148 142.7167735335 85.0817942492
2.48148148148148 142.7167735335 85.0817942492
2.48148148148148 113.4326355114 85.0817942492
2.48148148148148 113.4326355114 85.0817942492
2.48148148148148 132.0257129338 85.0817942492
2.48148148148148 132.0257129338 85.0817942492
2.48148148148148 134.1918846900 85.0817942492
2.48148148148148 134.1918846900 85.0817942492
2.48148148148148 135.7162175535 85.0817942492
2.48148148148148 135.7162175535 85.0817942492
2.48148148148148 133.5136583418 85.0817942492
2.48148148148148 133.5136583418 85.0817942492
2.48148148148148 143.7788862772 85.0817942492
2.48148148148148 143.7788862772 85.0817942492
2.48148148148148 132.6115506676 85.0817942492
2.48148148148148 132.6115506676 85.0817942492
2.48148148148148 142.9230608823 85.0817942492
2.48148148148148 142.9230608823 85.0817942492
2.48148148148148 129.3641586846 85.0817942492
2.48148148148148 129.3641586846 85.0817942492
2.48148148148148 131.8352000052 85.0817942492
2.48148148148148 131.8352000052 85.0817942492
2.48148148148148 132.0443215716 85.0817942492
2.48148148148148 132.0443215716 85.0817942492
2.48148148148148 132.0878483558 85.0817942492
2.48148148148148 132.0878483558 85.0817942492
2.48148148148148 142.7036549390 85.0817942492
2.48148148148148 142.7036549390 85.0817942492
2.48148148148148 133.4336900765 85.0817942492
2.48148148148148 133.4336900765 85.0817942492
2.48148148148148 133.4336900765 85.0817942492
2.48148148148148 133.4336900765 85.0817942492
2.48148148148148 144.2141530080 85.0817942492
2.48148148148148 144.2141530080 85.0817942492
2.48148148148148 132.6975402023 85.0817942492
2.48148148148148 132.6975402023 85.0817942492
2.48148148148148 143.2704534675 85.0817942492
2.48148148148148 143.2704534675 85.0817942492
2.48148148148148 143.6283616414 85.0817942492
2.48148148148148 143.6283616414 85.0817942492
2.48148148148148 142.2360102417 85.0817942492
2.48148148148148 142.2360102417 85.0817942492
2.48148148148148 132.5813878016 85.0817942492
2.48148148148148 132.5813878016 85.0817942492
2.48148148148148 132.5813878016 85.0817942492
2.48148148148148 132.5813878016 85.0817942492
2.48148148148148 132.5813878016 85.0817942492
2.48148148148148 132.5813878016 85.0817942492
2.48148148148148 143.3708694533 85.0817942492
2.48148148148148 143.3708694533 85.0817942492
2.48148148148148 133.1214069136 85.0817942492
2.48148148148148 133.1214069136 85.0817942492
2.48148148148148 143.0738140222 85.0817942492
2.48148148148148 143.0738140222 85.0817942492
2.48148148148148 143.2504254682 85.0817942492
2.48148148148148 143.2504254682 85.0817942492
2.48148148148148 141.8124036074 85.0817942492
2.48148148148148 141.8124036074 85.0817942492
2.48148148148148 139.2984002246 85.0817942492
2.48148148148148 139.2984002246 85.0817942492
2.48148148148148 142.3436346803 85.0817942492
2.48148148148148 142.3436346803 85.0817942492
2.48148148148148 141.4881647811 85.0817942492
2.48148148148148 141.4881647811 85.0817942492
2.48148148148148 139.7635394538 85.0817942492
2.48148148148148 139.7635394538 85.0817942492
2.48148148148148 138.5505997545 85.0817942492
2.48148148148148 138.5505997545 85.0817942492
2.48148148148148 141.3035105853 85.0817942492
2.48148148148148 141.3035105853 85.0817942492
2.48148148148148 140.3948513633 85.0817942492
2.48148148148148 140.3948513633 85.0817942492
2.48148148148148 142.8975954640 85.0817942492
2.48148148148148 142.8975954640 85.0817942492
2.48148148148148 141.7092042088 85.0817942492
2.48148148148148 141.7092042088 85.0817942492
2.48148148148148 138.4384061766 85.0817942492
2.48148148148148 138.4384061766 85.0817942492
2.48148148148148 141.6574417372 85.0817942492
2.48148148148148 141.6574417372 85.0817942492
2.48148148148148 137.1673577967 85.0817942492
2.48148148148148 137.1673577967 85.0817942492
2.48148148148148 139.9638577514 85.0817942492
2.48148148148148 139.9638577514 85.0817942492
2.48148148148148 139.8579525484 85.0817942492
2.48148148148148 139.8579525484 85.0817942492
2.48148148148148 138.5086653726 85.0817942492
2.48148148148148 138.5086653726 85.0817942492
2.48148148148148 141.0053992665 85.0817942492
2.48148148148148 141.0053992665 85.0817942492
2.48148148148148 131.7859679258 85.0817942492
2.48148148148148 131.7859679258 85.0817942492
2.48148148148148 140.5581859249 85.0817942492
2.48148148148148 140.5581859249 85.0817942492
2.48148148148148 140.3556428243 85.0817942492
2.48148148148148 140.3556428243 85.0817942492
2.48148148148148 138.5691616466 85.0817942492
2.48148148148148 138.5691616466 85.0817942492
2.48148148148148 116.7503200357 85.0817942492
2.48148148148148 116.7503200357 85.0817942492
2.48148148148148 122.6181229498 85.0817942492
2.48148148148148 122.6181229498 85.0817942492
2.48148148148148 131.5126795020 85.0817942492
2.48148148148148 131.5126795020 85.0817942492
2.48148148148148 142.5776647549 85.0817942492
2.48148148148148 142.5776647549 85.0817942492
2.48148148148148 129.3102711072 85.0817942492
2.48148148148148 129.3102711072 85.0817942492
2.48148148148148 139.3436567167 85.0817942492
2.48148148148148 139.3436567167 85.0817942492
2.48148148148148 139.5469503166 85.0817942492
2.48148148148148 139.5469503166 85.0817942492
2.48148148148148 128.7827804684 85.0817942492
2.48148148148148 128.7827804684 85.0817942492
2.48148148148148 137.4672713855 85.0817942492
2.48148148148148 137.4672713855 85.0817942492
2.48148148148148 135.3633997633 85.0817942492
2.48148148148148 135.3633997633 85.0817942492
2.48148148148148 135.3633997633 85.0817942492
2.48148148148148 135.3633997633 85.0817942492
2.48148148148148 137.7876181390 85.0817942492
2.48148148148148 137.7876181390 85.0817942492
2.48148148148148 137.1934798661 85.0817942492
2.48148148148148 137.1934798661 85.0817942492
2.48148148148148 135.5150650647 85.0817942492
2.48148148148148 135.5150650647 85.0817942492
2.48148148148148 135.5106161164 85.0817942492
2.48148148148148 135.5106161164 85.0817942492
2.48148148148148 137.7212729673 85.0817942492
2.48148148148148 137.7212729673 85.0817942492
2.48148148148148 136.8899279241 85.0817942492
2.48148148148148 136.8899279241 85.0817942492
2.48148148148148 129.7149498207 85.0817942492
2.48148148148148 129.7149498207 85.0817942492
2.48148148148148 138.3820861733 85.0817942492
2.48148148148148 138.3820861733 85.0817942492
2.48148148148148 138.3820861733 85.0817942492
2.48148148148148 138.3820861733 85.0817942492
2.48148148148148 137.9950359457 85.0817942492
2.48148148148148 137.9950359457 85.0817942492
2.48148148148148 128.4519164160 85.0817942492
2.48148148148148 128.4519164160 85.0817942492
2.48148148148148 136.9256365695 85.0817942492
2.48148148148148 136.9256365695 85.0817942492
2.48148148148148 136.7227567178 85.0817942492
2.48148148148148 136.7227567178 85.0817942492
2.48148148148148 139.4181334912 85.0817942492
2.48148148148148 139.4181334912 85.0817942492
2.48148148148148 138.7027239605 85.0817942492
2.48148148148148 138.7027239605 85.0817942492
2.48148148148148 137.7388765586 85.0817942492
2.48148148148148 137.7388765586 85.0817942492
2.48148148148148 128.5514077909 85.0817942492
2.48148148148148 128.5514077909 85.0817942492
2.48148148148148 137.0108029232 85.0817942492
2.48148148148148 137.0108029232 85.0817942492
2.48148148148148 136.7786889566 85.0817942492
2.48148148148148 136.7786889566 85.0817942492
2.48148148148148 133.4845754552 85.0817942492
2.48148148148148 133.4845754552 85.0817942492
2.48148148148148 128.5070501319 85.0817942492
2.48148148148148 128.5070501319 85.0817942492
2.48148148148148 137.2273190920 85.0817942492
2.48148148148148 137.2273190920 85.0817942492
2.48148148148148 135.3512610390 85.0817942492
2.48148148148148 135.3512610390 85.0817942492
2.48148148148148 135.3512610390 85.0817942492
2.48148148148148 135.3512610390 85.0817942492
2.48148148148148 134.6621667513 85.0817942492
2.48148148148148 134.6621667513 85.0817942492
2.48148148148148 134.6621667513 85.0817942492
2.48148148148148 134.6621667513 85.0817942492
2.48148148148148 133.8059248041 85.0817942492
2.48148148148148 133.8059248041 85.0817942492
2.48148148148148 131.1083103482 85.0817942492
2.48148148148148 131.1083103482 85.0817942492
2.48148148148148 129.0014001841 85.0817942492
2.48148148148148 129.0014001841 85.0817942492
2.48148148148148 136.9581376725 85.0817942492
2.48148148148148 136.9581376725 85.0817942492
2.48148148148148 128.6624562157 85.0817942492
2.48148148148148 128.6624562157 85.0817942492
2.48148148148148 128.6624562157 85.0817942492
2.48148148148148 128.6624562157 85.0817942492
2.48148148148148 134.7341085125 85.0817942492
2.48148148148148 134.7341085125 85.0817942492
2.48148148148148 136.0545538294 85.0817942492
2.48148148148148 136.0545538294 85.0817942492
2.48148148148148 126.3543986287 85.0817942492
2.48148148148148 126.3543986287 85.0817942492
2.48148148148148 134.6118227442 85.0817942492
2.48148148148148 134.6118227442 85.0817942492
2.48148148148148 135.6524971945 85.0817942492
2.48148148148148 135.6524971945 85.0817942492
2.48148148148148 137.2349019194 85.0817942492
2.48148148148148 137.2349019194 85.0817942492
2.48148148148148 135.6116551764 85.0817942492
2.48148148148148 135.6116551764 85.0817942492
2.48148148148148 126.6940028897 85.0817942492
2.48148148148148 126.6940028897 85.0817942492
2.48148148148148 126.6940028897 85.0817942492
2.48148148148148 126.6940028897 85.0817942492
2.48148148148148 135.1449164489 85.0817942492
2.48148148148148 135.1449164489 85.0817942492
2.48148148148148 128.3235306948 85.0817942492
2.48148148148148 128.3235306948 85.0817942492
2.48148148148148 128.3235306948 85.0817942492
2.48148148148148 128.3235306948 85.0817942492
2.48148148148148 135.9415552763 85.0817942492
2.48148148148148 135.9415552763 85.0817942492
2.48148148148148 126.5665676291 85.0817942492
2.48148148148148 126.5665676291 85.0817942492
2.48148148148148 134.9047014915 85.0817942492
2.48148148148148 134.9047014915 85.0817942492
2.48148148148148 135.3098653316 85.0817942492
2.48148148148148 135.3098653316 85.0817942492
2.48148148148148 136.9295793715 85.0817942492
2.48148148148148 136.9295793715 85.0817942492
2.48148148148148 135.1490764410 85.0817942492
2.48148148148148 135.1490764410 85.0817942492
2.48148148148148 126.8425253150 85.0817942492
2.48148148148148 126.8425253150 85.0817942492
2.48148148148148 134.7341563357 85.0817942492
2.48148148148148 134.7341563357 85.0817942492
2.48148148148148 126.4817549239 85.0817942492
2.48148148148148 126.4817549239 85.0817942492
2.48148148148148 126.4817549239 85.0817942492
2.48148148148148 126.4817549239 85.0817942492
2.48148148148148 134.7065502834 85.0817942492
2.48148148148148 134.7065502834 85.0817942492
2.48148148148148 126.7785678537 85.0817942492
2.48148148148148 126.7785678537 85.0817942492
2.48148148148148 135.6733143754 85.0817942492
2.48148148148148 135.6733143754 85.0817942492
2.48148148148148 134.9794861154 85.0817942492
2.48148148148148 134.9794861154 85.0817942492
2.48148148148148 132.4871304529 85.0817942492
2.48148148148148 132.4871304529 85.0817942492
2.48148148148148 134.4485483475 85.0817942492
2.48148148148148 134.4485483475 85.0817942492
2.48148148148148 134.2089913158 85.0817942492
2.48148148148148 134.2089913158 85.0817942492
2.48148148148148 135.9789034309 85.0817942492
2.48148148148148 135.9789034309 85.0817942492
2.48148148148148 133.9401352325 85.0817942492
2.48148148148148 133.9401352325 85.0817942492
2.48148148148148 131.4958045751 85.0817942492
2.48148148148148 131.4958045751 85.0817942492
2.48148148148148 133.6538214905 85.0817942492
2.48148148148148 133.6538214905 85.0817942492
2.48148148148148 131.2733418372 85.0817942492
2.48148148148148 131.2733418372 85.0817942492
2.48148148148148 133.0675679168 85.0817942492
2.48148148148148 133.0675679168 85.0817942492
2.48148148148148 124.4699697397 85.0817942492
2.48148148148148 124.4699697397 85.0817942492
2.48148148148148 132.1496908438 85.0817942492
2.48148148148148 132.1496908438 85.0817942492
2.48148148148148 124.0620245293 85.0817942492
2.48148148148148 124.0620245293 85.0817942492
2.48148148148148 131.6876663928 85.0817942492
2.48148148148148 131.6876663928 85.0817942492
2.48148148148148 131.2458508965 85.0817942492
2.48148148148148 131.2458508965 85.0817942492
2.48148148148148 125.0357317993 85.0817942492
2.48148148148148 125.0357317993 85.0817942492
2.48148148148148 124.7794254020 85.0817942492
2.48148148148148 124.7794254020 85.0817942492
2.48148148148148 132.3172305759 85.0817942492
2.48148148148148 132.3172305759 85.0817942492
2.48148148148148 126.0055840880 85.0817942492
2.48148148148148 126.0055840880 85.0817942492
2.48148148148148 133.9454408006 85.0817942492
2.48148148148148 133.9454408006 85.0817942492
2.48148148148148 132.0973392712 85.0817942492
2.48148148148148 132.0973392712 85.0817942492
2.48148148148148 105.8985173826 85.0817942492
2.48148148148148 105.8985173826 85.0817942492
2.48148148148148 123.4390331944 85.0817942492
2.48148148148148 123.4390331944 85.0817942492
2.48148148148148 132.1665703931 85.0817942492
2.48148148148148 132.1665703931 85.0817942492
2.48148148148148 132.0741871017 85.0817942492
2.48148148148148 132.0741871017 85.0817942492
2.48148148148148 123.0565625883 85.0817942492
2.48148148148148 123.0565625883 85.0817942492
2.48148148148148 131.2901731291 85.0817942492
2.48148148148148 131.2901731291 85.0817942492
2.48148148148148 118.8577620381 85.0817942492
2.48148148148148 118.8577620381 85.0817942492
2.48148148148148 122.8571583146 85.0817942492
2.48148148148148 122.8571583146 85.0817942492
2.48148148148148 122.8802619070 85.0817942492
2.48148148148148 122.8802619070 85.0817942492
2.48148148148148 130.3223001343 85.0817942492
2.48148148148148 130.3223001343 85.0817942492
2.48148148148148 123.1645121757 85.0817942492
2.48148148148148 123.1645121757 85.0817942492
2.48148148148148 130.5791573298 85.0817942492
2.48148148148148 130.5791573298 85.0817942492
2.48148148148148 120.1064482801 85.0817942492
2.48148148148148 120.1064482801 85.0817942492
2.48148148148148 120.1064482801 85.0817942492
2.48148148148148 120.1064482801 85.0817942492
2.48148148148148 128.2892917528 85.0817942492
2.48148148148148 128.2892917528 85.0817942492
2.48148148148148 127.3506067914 85.0817942492
2.48148148148148 127.3506067914 85.0817942492
2.48148148148148 110.6688087436 85.0817942492
2.48148148148148 110.6688087436 85.0817942492
2.48148148148148 114.2953039608 85.0817942492
2.48148148148148 114.2953039608 85.0817942492
2.48148148148148 123.3673555424 85.0817942492
2.48148148148148 123.3673555424 85.0817942492
2.48148148148148 130.7766224508 85.0817942492
2.48148148148148 130.7766224508 85.0817942492
2.48148148148148 121.7566890893 85.0817942492
2.48148148148148 121.7566890893 85.0817942492
2.48148148148148 129.5924679832 85.0817942492
2.48148148148148 129.5924679832 85.0817942492
2.48148148148148 122.4035793012 85.0817942492
2.48148148148148 122.4035793012 85.0817942492
2.48148148148148 130.0645019518 85.0817942492
2.48148148148148 130.0645019518 85.0817942492
2.48148148148148 121.3353990849 85.0817942492
2.48148148148148 121.3353990849 85.0817942492
2.48148148148148 129.1368268083 85.0817942492
2.48148148148148 129.1368268083 85.0817942492
2.48148148148148 128.7180969887 85.0817942492
2.48148148148148 128.7180969887 85.0817942492
2.48148148148148 127.8636917726 85.0817942492
2.48148148148148 127.8636917726 85.0817942492
2.48148148148148 129.2817300314 85.0817942492
2.48148148148148 129.2817300314 85.0817942492
2.48148148148148 121.0221673636 85.0817942492
2.48148148148148 121.0221673636 85.0817942492
2.48148148148148 128.3068333090 85.0817942492
2.48148148148148 128.3068333090 85.0817942492
2.48148148148148 127.1057820041 85.0817942492
2.48148148148148 127.1057820041 85.0817942492
2.48148148148148 127.1057820041 85.0817942492
2.48148148148148 127.1057820041 85.0817942492
2.48148148148148 128.7668241083 85.0817942492
2.48148148148148 128.7668241083 85.0817942492
2.48148148148148 127.3404602782 85.0817942492
2.48148148148148 127.3404602782 85.0817942492
2.48148148148148 129.0399102663 85.0817942492
2.48148148148148 129.0399102663 85.0817942492
2.48148148148148 130.2423087961 85.0817942492
2.48148148148148 130.2423087961 85.0817942492
2.48148148148148 121.3151689459 85.0817942492
2.48148148148148 121.3151689459 85.0817942492
2.48148148148148 128.6980878823 85.0817942492
2.48148148148148 128.6980878823 85.0817942492
2.48148148148148 127.4422352479 85.0817942492
2.48148148148148 127.4422352479 85.0817942492
2.48148148148148 121.8018770716 85.0817942492
2.48148148148148 121.8018770716 85.0817942492
2.48148148148148 129.2320679701 85.0817942492
2.48148148148148 129.2320679701 85.0817942492
2.48148148148148 129.2320679701 85.0817942492
2.48148148148148 129.2320679701 85.0817942492
2.48148148148148 120.7952403288 85.0817942492
2.48148148148148 120.7952403288 85.0817942492
2.48148148148148 128.3668051563 85.0817942492
2.48148148148148 128.3668051563 85.0817942492
2.48148148148148 121.2252183069 85.0817942492
2.48148148148148 121.2252183069 85.0817942492
2.48148148148148 128.4131772467 85.0817942492
2.48148148148148 128.4131772467 85.0817942492
2.48148148148148 127.9635970531 85.0817942492
2.48148148148148 127.9635970531 85.0817942492
2.48148148148148 120.2169603260 85.0817942492
2.48148148148148 120.2169603260 85.0817942492
2.48148148148148 127.5023033936 85.0817942492
2.48148148148148 127.5023033936 85.0817942492
2.48148148148148 126.2847111525 85.0817942492
2.48148148148148 126.2847111525 85.0817942492
2.48148148148148 128.2550537103 85.0817942492
2.48148148148148 128.2550537103 85.0817942492
2.48148148148148 129.9108847168 85.0817942492
2.48148148148148 129.9108847168 85.0817942492
2.48148148148148 119.7841065126 85.0817942492
2.48148148148148 119.7841065126 85.0817942492
2.48148148148148 127.2435300397 85.0817942492
2.48148148148148 127.2435300397 85.0817942492
2.48148148148148 126.7397127617 85.0817942492
2.48148148148148 126.7397127617 85.0817942492
2.48148148148148 124.9113178524 85.0817942492
2.48148148148148 124.9113178524 85.0817942492
2.48148148148148 126.7962437178 85.0817942492
2.48148148148148 126.7962437178 85.0817942492
2.48148148148148 103.6527858917 85.0817942492
2.48148148148148 103.6527858917 85.0817942492
2.48148148148148 116.8529465628 85.0817942492
2.48148148148148 116.8529465628 85.0817942492
2.48148148148148 116.7467636542 85.0817942492
2.48148148148148 116.7467636542 85.0817942492
2.48148148148148 121.4477026693 85.0817942492
2.48148148148148 121.4477026693 85.0817942492
2.48148148148148 128.8254321746 85.0817942492
2.48148148148148 128.8254321746 85.0817942492
2.48148148148148 121.0401186041 85.0817942492
2.48148148148148 121.0401186041 85.0817942492
2.48148148148148 128.6703781190 85.0817942492
2.48148148148148 128.6703781190 85.0817942492
2.48148148148148 124.6636543752 85.0817942492
2.48148148148148 124.6636543752 85.0817942492
2.48148148148148 126.4138612288 85.0817942492
2.48148148148148 126.4138612288 85.0817942492
2.48148148148148 125.6481736364 85.0817942492
2.48148148148148 125.6481736364 85.0817942492
2.48148148148148 127.6197992227 85.0817942492
2.48148148148148 127.6197992227 85.0817942492
2.48148148148148 118.9912190502 85.0817942492
2.48148148148148 118.9912190502 85.0817942492
2.48148148148148 126.3627883918 85.0817942492
2.48148148148148 126.3627883918 85.0817942492
2.48148148148148 97.5877064421 85.0817942492
2.48148148148148 97.5877064421 85.0817942492
2.48148148148148 107.4324611587 85.0817942492
2.48148148148148 107.4324611587 85.0817942492
2.48148148148148 119.0360015471 85.0817942492
2.48148148148148 119.0360015471 85.0817942492
2.48148148148148 127.8316612416 85.0817942492
2.48148148148148 127.8316612416 85.0817942492
2.48148148148148 119.7655515865 85.0817942492
2.48148148148148 119.7655515865 85.0817942492
2.48148148148148 127.3416397762 85.0817942492
2.48148148148148 127.3416397762 85.0817942492
2.48148148148148 116.9905372126 85.0817942492
2.48148148148148 116.9905372126 85.0817942492
2.48148148148148 123.9614677477 85.0817942492
2.48148148148148 123.9614677477 85.0817942492
2.48148148148148 119.1033669293 85.0817942492
2.48148148148148 119.1033669293 85.0817942492
2.48148148148148 126.2194382421 85.0817942492
2.48148148148148 126.2194382421 85.0817942492
2.48148148148148 118.5874835581 85.0817942492
2.48148148148148 118.5874835581 85.0817942492
2.48148148148148 118.5874835581 85.0817942492
2.48148148148148 118.5874835581 85.0817942492
2.48148148148148 126.1382449453 85.0817942492
2.48148148148148 126.1382449453 85.0817942492
2.48148148148148 125.0407897072 85.0817942492
2.48148148148148 125.0407897072 85.0817942492
2.48148148148148 120.9121727865 85.0817942492
2.48148148148148 120.9121727865 85.0817942492
2.48148148148148 128.3606057471 85.0817942492
2.48148148148148 128.3606057471 85.0817942492
2.48148148148148 126.4732721800 85.0817942492
2.48148148148148 126.4732721800 85.0817942492
2.48148148148148 124.1568566717 85.0817942492
2.48148148148148 124.1568566717 85.0817942492
2.48148148148148 124.5053531874 85.0817942492
2.48148148148148 124.5053531874 85.0817942492
2.48148148148148 119.2418740780 85.0817942492
2.48148148148148 119.2418740780 85.0817942492
2.48148148148148 125.1703592061 85.0817942492
2.48148148148148 125.1703592061 85.0817942492
2.48148148148148 126.2734364180 85.0817942492
2.48148148148148 126.2734364180 85.0817942492
2.48148148148148 118.5536892605 85.0817942492
2.48148148148148 118.5536892605 85.0817942492
2.48148148148148 126.0682020131 85.0817942492
2.48148148148148 126.0682020131 85.0817942492
2.48148148148148 119.6924139986 85.0817942492
2.48148148148148 119.6924139986 85.0817942492
2.48148148148148 126.9267117871 85.0817942492
2.48148148148148 126.9267117871 85.0817942492
2.48148148148148 118.7654633795 85.0817942492
2.48148148148148 118.7654633795 85.0817942492
2.48148148148148 118.7654633795 85.0817942492
2.48148148148148 118.7654633795 85.0817942492
2.48148148148148 124.4159230227 85.0817942492
2.48148148148148 124.4159230227 85.0817942492
2.48148148148148 125.3904896377 85.0817942492
2.48148148148148 125.3904896377 85.0817942492
2.48148148148148 123.7747871674 85.0817942492
2.48148148148148 123.7747871674 85.0817942492
2.48148148148148 123.6171555852 85.0817942492
2.48148148148148 123.6171555852 85.0817942492
2.48148148148148 120.3010284725 85.0817942492
2.48148148148148 120.3010284725 85.0817942492
2.48148148148148 120.3010284725 85.0817942492
2.48148148148148 120.3010284725 85.0817942492
2.48148148148148 127.1899644597 85.0817942492
2.48148148148148 127.1899644597 85.0817942492
2.48148148148148 125.6101384398 85.0817942492
2.48148148148148 125.6101384398 85.0817942492
2.48148148148148 117.8537032185 85.0817942492
2.48148148148148 117.8537032185 85.0817942492
2.48148148148148 125.3849966351 85.0817942492
2.48148148148148 125.3849966351 85.0817942492
2.48148148148148 124.2808032685 85.0817942492
2.48148148148148 124.2808032685 85.0817942492
2.48148148148148 127.4504418888 85.0817942492
2.48148148148148 127.4504418888 85.0817942492
2.48148148148148 127.4504418888 85.0817942492
2.48148148148148 127.4504418888 85.0817942492
2.48148148148148 125.3412007372 85.0817942492
2.48148148148148 125.3412007372 85.0817942492
2.48148148148148 118.6458486883 85.0817942492
2.48148148148148 118.6458486883 85.0817942492
2.48148148148148 125.5690119464 85.0817942492
2.48148148148148 125.5690119464 85.0817942492
2.48148148148148 124.2350105022 85.0817942492
2.48148148148148 124.2350105022 85.0817942492
2.48148148148148 122.8467336065 85.0817942492
2.48148148148148 122.8467336065 85.0817942492
2.48148148148148 124.3284174791 85.0817942492
2.48148148148148 124.3284174791 85.0817942492
2.48148148148148 118.4936814110 85.0817942492
2.48148148148148 118.4936814110 85.0817942492
2.48148148148148 118.4936814110 85.0817942492
2.48148148148148 118.4936814110 85.0817942492
2.48148148148148 118.4936814110 85.0817942492
2.48148148148148 118.4936814110 85.0817942492
2.48148148148148 125.3697851135 85.0817942492
2.48148148148148 125.3697851135 85.0817942492
2.48148148148148 117.3441061605 85.0817942492
2.48148148148148 117.3441061605 85.0817942492
2.48148148148148 124.6360314261 85.0817942492
2.48148148148148 124.6360314261 85.0817942492
2.48148148148148 124.3408292425 85.0817942492
2.48148148148148 124.3408292425 85.0817942492
2.48148148148148 124.3501282350 85.0817942492
2.48148148148148 124.3501282350 85.0817942492
2.48148148148148 125.5592648054 85.0817942492
2.48148148148148 125.5592648054 85.0817942492
2.48148148148148 124.0897724956 85.0817942492
2.48148148148148 124.0897724956 85.0817942492
2.48148148148148 123.4519572232 85.0817942492
2.48148148148148 123.4519572232 85.0817942492
2.48148148148148 124.8167739520 85.0817942492
2.48148148148148 124.8167739520 85.0817942492
2.48148148148148 123.9150851070 85.0817942492
2.48148148148148 123.9150851070 85.0817942492
2.48148148148148 125.6241576454 85.0817942492
2.48148148148148 125.6241576454 85.0817942492
2.48148148148148 125.0612557226 85.0817942492
2.48148148148148 125.0612557226 85.0817942492
2.48148148148148 104.1826969609 85.0817942492
2.48148148148148 104.1826969609 85.0817942492
2.48148148148148 118.1275037245 85.0817942492
2.48148148148148 118.1275037245 85.0817942492
2.48148148148148 126.5035855920 85.0817942492
2.48148148148148 126.5035855920 85.0817942492
2.48148148148148 127.7901652134 85.0817942492
2.48148148148148 127.7901652134 85.0817942492
2.48148148148148 119.0060355592 85.0817942492
2.48148148148148 119.0060355592 85.0817942492
2.48148148148148 125.9573427126 85.0817942492
2.48148148148148 125.9573427126 85.0817942492
2.48148148148148 125.8010780075 85.0817942492
2.48148148148148 125.8010780075 85.0817942492
2.48148148148148 123.4223499419 85.0817942492
2.48148148148148 123.4223499419 85.0817942492
2.48148148148148 124.7118630229 85.0817942492
2.48148148148148 124.7118630229 85.0817942492
2.48148148148148 123.7346517926 85.0817942492
2.48148148148148 123.7346517926 85.0817942492
2.48148148148148 117.2423046971 85.0817942492
2.48148148148148 117.2423046971 85.0817942492
2.48148148148148 124.1440452738 85.0817942492
2.48148148148148 124.1440452738 85.0817942492
2.48148148148148 123.3960796305 85.0817942492
2.48148148148148 123.3960796305 85.0817942492
2.48148148148148 118.3192816267 85.0817942492
2.48148148148148 118.3192816267 85.0817942492
2.48148148148148 118.3192816267 85.0817942492
2.48148148148148 118.3192816267 85.0817942492
2.48148148148148 125.2388175455 85.0817942492
2.48148148148148 125.2388175455 85.0817942492
2.48148148148148 104.8755617586 85.0817942492
2.48148148148148 104.8755617586 85.0817942492
2.48148148148148 114.4076480489 85.0817942492
2.48148148148148 114.4076480489 85.0817942492
2.48148148148148 117.9036612350 85.0817942492
2.48148148148148 117.9036612350 85.0817942492
2.48148148148148 124.9075778106 85.0817942492
2.48148148148148 124.9075778106 85.0817942492
2.48148148148148 124.3478440203 85.0817942492
2.48148148148148 124.3478440203 85.0817942492
2.48148148148148 123.7573014208 85.0817942492
2.48148148148148 123.7573014208 85.0817942492
2.48148148148148 124.8673123685 85.0817942492
2.48148148148148 124.8673123685 85.0817942492
2.48148148148148 123.8864501903 85.0817942492
2.48148148148148 123.8864501903 85.0817942492
2.48148148148148 125.1228343378 85.0817942492
2.48148148148148 125.1228343378 85.0817942492
2.48148148148148 123.4993210934 85.0817942492
2.48148148148148 123.4993210934 85.0817942492
2.48148148148148 125.5635965777 85.0817942492
2.48148148148148 125.5635965777 85.0817942492
2.48148148148148 127.0358150002 85.0817942492
2.48148148148148 127.0358150002 85.0817942492
2.48148148148148 118.9163240472 85.0817942492
2.48148148148148 118.9163240472 85.0817942492
2.48148148148148 126.1989745741 85.0817942492
2.48148148148148 126.1989745741 85.0817942492
2.48148148148148 126.1989745741 85.0817942492
2.48148148148148 126.1989745741 85.0817942492
2.48148148148148 126.1989745741 85.0817942492
2.48148148148148 126.1989745741 85.0817942492
2.48148148148148 124.6514194284 85.0817942492
2.48148148148148 124.6514194284 85.0817942492
2.48148148148148 118.2021855635 85.0817942492
2.48148148148148 118.2021855635 85.0817942492
2.48148148148148 124.7710864721 85.0817942492
2.48148148148148 124.7710864721 85.0817942492
2.48148148148148 123.8853446440 85.0817942492
2.48148148148148 123.8853446440 85.0817942492
2.48148148148148 118.0491267053 85.0817942492
2.48148148148148 118.0491267053 85.0817942492
2.48148148148148 125.3566238534 85.0817942492
2.48148148148148 125.3566238534 85.0817942492
2.48148148148148 125.3566238534 85.0817942492
2.48148148148148 125.3566238534 85.0817942492
2.48148148148148 118.7413267829 85.0817942492
2.48148148148148 118.7413267829 85.0817942492
2.48148148148148 125.7356874884 85.0817942492
2.48148148148148 125.7356874884 85.0817942492
2.48148148148148 122.5170879495 85.0817942492
2.48148148148148 122.5170879495 85.0817942492
2.48148148148148 124.2346490189 85.0817942492
2.48148148148148 124.2346490189 85.0817942492
2.48148148148148 122.3486653078 85.0817942492
2.48148148148148 122.3486653078 85.0817942492
2.48148148148148 123.8773221110 85.0817942492
2.48148148148148 123.8773221110 85.0817942492
2.48148148148148 122.5458872107 85.0817942492
2.48148148148148 122.5458872107 85.0817942492
2.48148148148148 122.8162078937 85.0817942492
2.48148148148148 122.8162078937 85.0817942492
2.48148148148148 124.2937220652 85.0817942492
2.48148148148148 124.2937220652 85.0817942492
2.48148148148148 124.8754141082 85.0817942492
2.48148148148148 124.8754141082 85.0817942492
2.48148148148148 125.9311422944 85.0817942492
2.48148148148148 125.9311422944 85.0817942492
2.48148148148148 124.2579097208 85.0817942492
2.48148148148148 124.2579097208 85.0817942492
2.48148148148148 122.0591762742 85.0817942492
2.48148148148148 122.0591762742 85.0817942492
2.48148148148148 126.4197804751 85.0817942492
2.48148148148148 126.4197804751 85.0817942492
2.48148148148148 125.3501446008 85.0817942492
2.48148148148148 125.3501446008 85.0817942492
2.48148148148148 117.4724499776 85.0817942492
2.48148148148148 117.4724499776 85.0817942492
2.48148148148148 122.8236632014 85.0817942492
2.48148148148148 122.8236632014 85.0817942492
2.48148148148148 118.3099240799 85.0817942492
2.48148148148148 118.3099240799 85.0817942492
2.48148148148148 125.0618954100 85.0817942492
2.48148148148148 125.0618954100 85.0817942492
2.48148148148148 116.0223770015 85.0817942492
2.48148148148148 116.0223770015 85.0817942492
2.48148148148148 123.1410261076 85.0817942492
2.48148148148148 123.1410261076 85.0817942492
2.48148148148148 118.2953894312 85.0817942492
2.48148148148148 118.2953894312 85.0817942492
2.48148148148148 125.0222042976 85.0817942492
2.48148148148148 125.0222042976 85.0817942492
2.48148148148148 122.3751371916 85.0817942492
2.48148148148148 122.3751371916 85.0817942492
2.48148148148148 123.7455572881 85.0817942492
2.48148148148148 123.7455572881 85.0817942492
2.48148148148148 118.3970466895 85.0817942492
2.48148148148148 118.3970466895 85.0817942492
2.48148148148148 125.1129744811 85.0817942492
2.48148148148148 125.1129744811 85.0817942492
2.48148148148148 124.1601443319 85.0817942492
2.48148148148148 124.1601443319 85.0817942492
2.48148148148148 122.8845667235 85.0817942492
2.48148148148148 122.8845667235 85.0817942492
2.48148148148148 124.4151394372 85.0817942492
2.48148148148148 124.4151394372 85.0817942492
2.48148148148148 123.2113912859 85.0817942492
2.48148148148148 123.2113912859 85.0817942492
2.48148148148148 124.7581754477 85.0817942492
2.48148148148148 124.7581754477 85.0817942492
2.48148148148148 123.0594490957 85.0817942492
2.48148148148148 123.0594490957 85.0817942492
2.48148148148148 124.1869060239 85.0817942492
2.48148148148148 124.1869060239 85.0817942492
2.48148148148148 126.7920469647 85.0817942492
2.48148148148148 126.7920469647 85.0817942492
2.48148148148148 125.3912581510 85.0817942492
2.48148148148148 125.3912581510 85.0817942492
2.48148148148148 123.0475404464 85.0817942492
2.48148148148148 123.0475404464 85.0817942492
2.48148148148148 118.2245648496 85.0817942492
2.48148148148148 118.2245648496 85.0817942492
2.48148148148148 124.8791383819 85.0817942492
2.48148148148148 124.8791383819 85.0817942492
2.48148148148148 124.0668038816 85.0817942492
2.48148148148148 124.0668038816 85.0817942492
2.48148148148148 118.2276073325 85.0817942492
2.48148148148148 118.2276073325 85.0817942492
2.48148148148148 125.2041494627 85.0817942492
2.48148148148148 125.2041494627 85.0817942492
2.48148148148148 124.3105200400 85.0817942492
2.48148148148148 124.3105200400 85.0817942492
2.48148148148148 115.9915562933 85.0817942492
2.48148148148148 115.9915562933 85.0817942492
2.48148148148148 123.4745158729 85.0817942492
2.48148148148148 123.4745158729 85.0817942492
2.48148148148148 117.6146319522 85.0817942492
2.48148148148148 117.6146319522 85.0817942492
2.48148148148148 124.2403849831 85.0817942492
2.48148148148148 124.2403849831 85.0817942492
2.48148148148148 117.2243715705 85.0817942492
2.48148148148148 117.2243715705 85.0817942492
2.48148148148148 124.0572574796 85.0817942492
2.48148148148148 124.0572574796 85.0817942492
2.48148148148148 121.4986118761 85.0817942492
2.48148148148148 121.4986118761 85.0817942492
2.48148148148148 121.4986118761 85.0817942492
2.48148148148148 121.4986118761 85.0817942492
2.48148148148148 122.3267212069 85.0817942492
2.48148148148148 122.3267212069 85.0817942492
2.48148148148148 118.1633936925 85.0817942492
2.48148148148148 118.1633936925 85.0817942492
2.48148148148148 125.0067774982 85.0817942492
2.48148148148148 125.0067774982 85.0817942492
2.48148148148148 124.2398329866 85.0817942492
2.48148148148148 124.2398329866 85.0817942492
2.48148148148148 122.7908267856 85.0817942492
2.48148148148148 122.7908267856 85.0817942492
2.48148148148148 124.1030167337 85.0817942492
2.48148148148148 124.1030167337 85.0817942492
