39.5134206990 39.1508904589
39.5163513521 39.1508904589
39.5163513521 39.1508904589
39.5192724849 39.1508904589
39.5192724849 39.1508904589
39.8708548937 39.1508904589
39.8708548937 39.1508904589
39.8712713544 39.1508904589
39.8712713544 39.1508904589
39.8716737906 39.1508904589
39.8716737906 39.1508904589
39.8720577257 39.1508904589
39.8720577257 39.1508904589
39.8438798737 39.1508904589
39.8438798737 39.1508904589
39.8434869688 39.1508904589
39.8434869688 39.1508904589
39.8430910631 39.1508904589
39.8430910631 39.1508904589
39.7778703115 39.1508904589
39.7778703115 39.1508904589
39.7776849995 39.1508904589
39.7776849995 39.1508904589
39.7771198654 39.1508904589
39.7771198654 39.1508904589
39.7767341620 39.1508904589
39.7767341620 39.1508904589
39.7445474338 39.1508904589
39.7445474338 39.1508904589
39.7444153570 39.1508904589
39.7444153570 39.1508904589
39.7442786047 39.1508904589
39.7442786047 39.1508904589
39.7441349593 39.1508904589
39.7441349593 39.1508904589
39.7292099813 39.1508904589
39.7292099813 39.1508904589
39.7289893255 39.1508904589
39.7289893255 39.1508904589
39.7288412142 39.1508904589
39.7288412142 39.1508904589
39.7286866588 39.1508904589
39.7286866588 39.1508904589
39.7286866588 39.1508904589
39.7286866588 39.1508904589
39.6951581496 39.1508904589
39.6951581496 39.1508904589
39.6948491651 39.1508904589
39.6948491651 39.1508904589
39.6948491651 39.1508904589
39.6948491651 39.1508904589
39.6946926088 39.1508904589
39.6946926088 39.1508904589
39.6942117267 39.1508904589
39.6942117267 39.1508904589
39.6938804358 39.1508904589
39.6938804358 39.1508904589
39.6420366423 39.1508904589
39.6420366423 39.1508904589
39.6416961628 39.1508904589
39.6416961628 39.1508904589
39.6416961628 39.1508904589
39.6416961628 39.1508904589
39.6416961628 39.1508904589
39.6416961628 39.1508904589
39.6411743914 39.1508904589
39.6411743914 39.1508904589
39.5881886312 39.1508904589
39.5881886312 39.1508904589
39.5876355621 39.1508904589
39.5876355621 39.1508904589
39.5872657298 39.1508904589
39.5872657298 39.1508904589
39.5245109938 39.1508904589
39.5245109938 39.1508904589
39.5240775478 39.1508904589
39.5240775478 39.1508904589
39.5236385737 39.1508904589
39.5236385737 39.1508904589
39.5236385737 39.1508904589
39.5236385737 39.1508904589
39.5236385737 39.1508904589
39.5236385737 39.1508904589
39.5236385737 39.1508904589
39.5236385737 39.1508904589
39.5229690594 39.1508904589
39.5229690594 39.1508904589
39.4608245951 39.1508904589
39.4608245951 39.1508904589
39.4604541420 39.1508904589
39.4604541420 39.1508904589
39.4604541420 39.1508904589
39.4604541420 39.1508904589
39.4604541420 39.1508904589
39.4604541420 39.1508904589
39.4604541420 39.1508904589
39.4604541420 39.1508904589
39.4599014976 39.1508904589
39.4599014976 39.1508904589
39.4595254242 39.1508904589
39.4595254242 39.1508904589
39.4006231669 39.1508904589
39.4006231669 39.1508904589
39.4002035100 39.1508904589
39.4002035100 39.1508904589
39.3335521334 39.1508904589
39.3335521334 39.1508904589
39.3331644854 39.1508904589
39.3331644854 39.1508904589
39.3327715935 39.1508904589
39.3327715935 39.1508904589
39.3323719299 39.1508904589
39.3323719299 39.1508904589
39.2707435067 39.1508904589
39.2707435067 39.1508904589
39.2707435067 39.1508904589
39.2707435067 39.1508904589
39.2701389610 39.1508904589
39.2701389610 39.1508904589
39.2697292064 39.1508904589
39.2697292064 39.1508904589
39.2697292064 39.1508904589
39.2697292064 39.1508904589
39.2691046367 39.1508904589
39.2691046367 39.1508904589
39.2175526584 39.1508904589
39.2175526584 39.1508904589
39.2172334219 39.1508904589
39.2172334219 39.1508904589
39.1755486219 39.1508904589
39.1755486219 39.1508904589
39.1753347204 39.1508904589
39.1753347204 39.1508904589
39.1379299011 39.1508904589
39.1379299011 39.1508904589
39.1376552042 39.1508904589
39.1376552042 39.1508904589
39.1044546554 39.1508904589
39.1044546554 39.1508904589
39.1044546554 39.1508904589
39.1044546554 39.1508904589
39.1043632468 39.1508904589
39.1043632468 39.1508904589
39.1040787476 39.1508904589
39.1040787476 39.1508904589
39.1038813806 39.1508904589
39.1038813806 39.1508904589
39.1037804204 39.1508904589
39.1037804204 39.1508904589
39.0789237138 39.1508904589
39.0789237138 39.1508904589
39.0787489106 39.1508904589
39.0787489106 39.1508904589
39.0785688321 39.1508904589
39.0785688321 39.1508904589
39.0785688321 39.1508904589
39.0785688321 39.1508904589
39.0622649995 39.1508904589
39.0622649995 39.1508904589
39.0622113239 39.1508904589
39.0622113239 39.1508904589
39.0622113239 39.1508904589
39.0622113239 39.1508904589
39.0622113239 39.1508904589
39.0622113239 39.1508904589
39.0621554189 39.1508904589
39.0621554189 39.1508904589
39.0619795797 39.1508904589
39.0619795797 39.1508904589
39.0619795797 39.1508904589
39.0619795797 39.1508904589
39.0473694391 39.1508904589
39.0473694391 39.1508904589
39.0473093307 39.1508904589
39.0473093307 39.1508904589
39.0473093307 39.1508904589
39.0473093307 39.1508904589
39.0472430537 39.1508904589
39.0472430537 39.1508904589
39.0470359363 39.1508904589
39.0470359363 39.1508904589
39.0469634476 39.1508904589
39.0469634476 39.1508904589
39.0307110355 39.1508904589
39.0307110355 39.1508904589
39.0305812742 39.1508904589
39.0305812742 39.1508904589
39.0304451855 39.1508904589
39.0304451855 39.1508904589
39.0116157402 39.1508904589
39.0116157402 39.1508904589
39.0114280531 39.1508904589
39.0114280531 39.1508904589
39.0113030700 39.1508904589
39.0113030700 39.1508904589
39.0153816046 39.1508904589
39.0153816046 39.1508904589
39.0153748425 39.1508904589
39.0153748425 39.1508904589
39.0153418051 39.1508904589
39.0153418051 39.1508904589
38.9881054318 39.1508904589
38.9881054318 39.1508904589
38.9881054318 39.1508904589
38.9881054318 39.1508904589
38.9879838232 39.1508904589
38.9879838232 39.1508904589
38.9876048629 39.1508904589
38.9876048629 39.1508904589
38.9873442070 39.1508904589
38.9873442070 39.1508904589
38.9870777829 39.1508904589
38.9870777829 39.1508904589
38.9517174673 39.1508904589
38.9517174673 39.1508904589
38.9514883121 39.1508904589
38.9514883121 39.1508904589
38.9189087487 39.1508904589
38.9189087487 39.1508904589
38.9187305175 39.1508904589
38.9187305175 39.1508904589
38.9186378352 39.1508904589
38.9186378352 39.1508904589
38.9183483165 39.1508904589
38.9183483165 39.1508904589
38.9181465678 39.1508904589
38.9181465678 39.1508904589
38.8900311047 39.1508904589
38.8900311047 39.1508904589
38.8899135574 39.1508904589
38.8899135574 39.1508904589
38.8895495203 39.1508904589
38.8895495203 39.1508904589
38.8488776769 39.1508904589
38.8488776769 39.1508904589
38.8486000610 39.1508904589
38.8486000610 39.1508904589
38.8483157388 39.1508904589
38.8483157388 39.1508904589
38.8103671824 39.1508904589
38.8103671824 39.1508904589
38.8101468325 39.1508904589
38.8101468325 39.1508904589
38.8099189895 39.1508904589
38.8099189895 39.1508904589
38.7684917148 39.1508904589
38.7684917148 39.1508904589
38.7681801924 39.1508904589
38.7681801924 39.1508904589
38.7678610219 39.1508904589
38.7678610219 39.1508904589
38.7675359766 39.1508904589
38.7675359766 39.1508904589
38.7185894099 39.1508904589
38.7185894099 39.1508904589
38.7182307631 39.1508904589
38.7182307631 39.1508904589
38.7178551002 39.1508904589
38.7178551002 39.1508904589
38.7178551002 39.1508904589
38.7178551002 39.1508904589
38.7178551002 39.1508904589
38.7178551002 39.1508904589
38.7178551002 39.1508904589
38.7178551002 39.1508904589
38.7176642598 39.1508904589
38.7176642598 39.1508904589
38.7170814393 39.1508904589
38.7170814393 39.1508904589
38.6548085722 39.1508904589
38.6548085722 39.1508904589
38.6545925329 39.1508904589
38.6545925329 39.1508904589
38.6539177960 39.1508904589
38.6539177960 39.1508904589
38.6539177960 39.1508904589
38.6539177960 39.1508904589
38.5837792961 39.1508904589
38.5837792961 39.1508904589
38.5833495786 39.1508904589
38.5833495786 39.1508904589
38.5829012128 39.1508904589
38.5829012128 39.1508904589
38.5047814722 39.1508904589
38.5047814722 39.1508904589
38.5042404040 39.1508904589
38.5042404040 39.1508904589
38.4159963774 39.1508904589
38.4159963774 39.1508904589
38.4154383030 39.1508904589
38.4154383030 39.1508904589
38.3275952789 39.1508904589
38.3275952789 39.1508904589
38.3270790937 39.1508904589
38.3270790937 39.1508904589
38.3270790937 39.1508904589
38.3270790937 39.1508904589
38.3262708665 39.1508904589
38.3262708665 39.1508904589
38.3257229456 39.1508904589
38.3257229456 39.1508904589
38.3257229456 39.1508904589
38.3257229456 39.1508904589
38.2390577071 39.1508904589
38.2390577071 39.1508904589
38.2384800554 39.1508904589
38.2384800554 39.1508904589
38.1441978897 39.1508904589
38.1441978897 39.1508904589
38.1439290909 39.1508904589
38.1439290909 39.1508904589
38.1430857255 39.1508904589
38.1430857255 39.1508904589
38.1430857255 39.1508904589
38.1430857255 39.1508904589
38.1422236299 39.1508904589
38.1422236299 39.1508904589
38.0526051130 39.1508904589
38.0526051130 39.1508904589
38.0503777583 39.1508904589
38.0503777583 39.1508904589
38.0501150621 39.1508904589
38.0501150621 39.1508904589
38.0493208204 39.1508904589
38.0493208204 39.1508904589
37.9777499569 39.1508904589
37.9777499569 39.1508904589
37.9772781604 39.1508904589
37.9772781604 39.1508904589
37.8880907158 39.1508904589
37.8880907158 39.1508904589
37.8876013961 39.1508904589
37.8876013961 39.1508904589
37.7990514070 39.1508904589
37.7990514070 39.1508904589
37.7983215275 39.1508904589
37.7983215275 39.1508904589
37.7980777034 39.1508904589
37.7980777034 39.1508904589
37.7434222751 39.1508904589
37.7434222751 39.1508904589
37.7430842612 39.1508904589
37.7430842612 39.1508904589
37.6767225189 39.1508904589
37.6767225189 39.1508904589
37.6767225189 39.1508904589
37.6767225189 39.1508904589
37.6761847419 39.1508904589
37.6761847419 39.1508904589
37.6242612872 39.1508904589
37.6242612872 39.1508904589
37.6240497186 39.1508904589
37.6240497186 39.1508904589
37.6238178534 39.1508904589
37.6238178534 39.1508904589
37.6235770427 39.1508904589
37.6235770427 39.1508904589
37.5903150911 39.1508904589
37.5903150911 39.1508904589
37.5903150911 39.1508904589
37.5903150911 39.1508904589
37.5903150911 39.1508904589
37.5903150911 39.1508904589
37.5900519527 39.1508904589
37.5900519527 39.1508904589
37.5698222356 39.1508904589
37.5698222356 39.1508904589
37.5697634276 39.1508904589
37.5697634276 39.1508904589
37.5696855886 39.1508904589
37.5696855886 39.1508904589
37.5695995489 39.1508904589
37.5695995489 39.1508904589
37.5731594279 39.1508904589
37.5731594279 39.1508904589
37.5732666198 39.1508904589
37.5732666198 39.1508904589
37.5733633165 39.1508904589
37.5733633165 39.1508904589
37.5734530862 39.1508904589
37.5734530862 39.1508904589
37.6029077247 39.1508904589
37.6029077247 39.1508904589
37.6030002563 39.1508904589
37.6030002563 39.1508904589
37.6448774626 39.1508904589
37.6448774626 39.1508904589
37.6449795780 39.1508904589
37.6449795780 39.1508904589
37.6452660456 39.1508904589
37.6452660456 39.1508904589
37.6957916568 39.1508904589
37.6957916568 39.1508904589
37.6961736215 39.1508904589
37.6961736215 39.1508904589
37.7632512137 39.1508904589
37.7632512137 39.1508904589
37.7634537300 39.1508904589
37.7634537300 39.1508904589
37.7640453527 39.1508904589
37.7640453527 39.1508904589
37.8498424116 39.1508904589
37.8498424116 39.1508904589
37.8503754998 39.1508904589
37.8503754998 39.1508904589
37.9458603668 39.1508904589
37.9458603668 39.1508904589
37.9467366373 39.1508904589
37.9467366373 39.1508904589
37.9473060950 39.1508904589
37.9473060950 39.1508904589
37.9478664043 39.1508904589
37.9478664043 39.1508904589
38.0567903753 39.1508904589
38.0567903753 39.1508904589
38.0574707116 39.1508904589
38.0574707116 39.1508904589
38.1908910019 39.1508904589
38.1908910019 39.1508904589
38.1941671462 39.1508904589
38.1941671462 39.1508904589
38.2901490771 39.1508904589
38.2901490771 39.1508904589
38.2907075031 39.1508904589
38.2907075031 39.1508904589
38.2912526311 39.1508904589
38.2912526311 39.1508904589
38.3854760005 39.1508904589
38.3854760005 39.1508904589
38.3863314833 39.1508904589
38.3863314833 39.1508904589
38.4967161316 39.1508904589
38.4967161316 39.1508904589
38.4967161316 39.1508904589
38.4967161316 39.1508904589
38.4970541242 39.1508904589
38.4970541242 39.1508904589
38.4980530142 39.1508904589
38.4980530142 39.1508904589
38.4987071771 39.1508904589
38.4987071771 39.1508904589
38.6068594755 39.1508904589
38.6068594755 39.1508904589
38.6071350068 39.1508904589
38.6071350068 39.1508904589
38.6079475799 39.1508904589
38.6079475799 39.1508904589
38.7078982992 39.1508904589
38.7078982992 39.1508904589
38.7087095797 39.1508904589
38.7087095797 39.1508904589
38.7087095797 39.1508904589
38.7087095797 39.1508904589
38.7092411355 39.1508904589
38.7092411355 39.1508904589
38.7941618037 39.1508904589
38.7941618037 39.1508904589
38.7946022610 39.1508904589
38.7946022610 39.1508904589
38.7950313176 39.1508904589
38.7950313176 39.1508904589
38.8646391127 39.1508904589
38.8646391127 39.1508904589
38.8648822966 39.1508904589
38.8648822966 39.1508904589
38.8650003206 39.1508904589
38.8650003206 39.1508904589
38.9170631020 39.1508904589
38.9170631020 39.1508904589
38.9174000545 39.1508904589
38.9174000545 39.1508904589
38.9177272163 39.1508904589
38.9177272163 39.1508904589
38.9776200375 39.1508904589
38.9776200375 39.1508904589
39.0260983495 39.1508904589
39.0260983495 39.1508904589
39.0263943455 39.1508904589
39.0263943455 39.1508904589
39.0603002357 39.1508904589
39.0603002357 39.1508904589
39.0603002357 39.1508904589
39.0603002357 39.1508904589
39.0604397136 39.1508904589
39.0604397136 39.1508904589
39.0604397136 39.1508904589
39.0604397136 39.1508904589
39.0605068856 39.1508904589
39.0605068856 39.1508904589
39.0607001206 39.1508904589
39.0607001206 39.1508904589
39.0986518718 39.1508904589
39.0986518718 39.1508904589
39.0988395144 39.1508904589
39.0988395144 39.1508904589
39.1198743748 39.1508904589
39.1198743748 39.1508904589
39.1198743748 39.1508904589
39.1198743748 39.1508904589
39.1199196045 39.1508904589
39.1199196045 39.1508904589
39.1200406532 39.1508904589
39.1200406532 39.1508904589
39.1397879176 39.1508904589
39.1397879176 39.1508904589
39.1399212023 39.1508904589
39.1399212023 39.1508904589
39.1608031039 39.1508904589
39.1608031039 39.1508904589
39.1608330447 39.1508904589
39.1608330447 39.1508904589
39.1608547204 39.1508904589
39.1608547204 39.1508904589
39.1703745670 39.1508904589
39.1703745670 39.1508904589
39.1703745670 39.1508904589
39.1703745670 39.1508904589
39.1704182539 39.1508904589
39.1704182539 39.1508904589
39.1826315545 39.1508904589
39.1826315545 39.1508904589
39.1826315545 39.1508904589
39.1826315545 39.1508904589
39.1827340660 39.1508904589
39.1827340660 39.1508904589
39.1878691786 39.1508904589
39.1878691786 39.1508904589
39.1878493298 39.1508904589
39.1878493298 39.1508904589
39.1893418981 39.1508904589
39.1893418981 39.1508904589
39.1892681649 39.1508904589
39.1892681649 39.1508904589
39.1891861968 39.1508904589
39.1891861968 39.1508904589
39.1870440761 39.1508904589
39.1870440761 39.1508904589
39.1870270879 39.1508904589
39.1870270879 39.1508904589
39.1882382152 39.1508904589
39.1882382152 39.1508904589
39.1882382152 39.1508904589
39.1882382152 39.1508904589
39.1882323741 39.1508904589
39.1882323741 39.1508904589
39.1916844770 39.1508904589
39.1916844770 39.1508904589
39.1916520320 39.1508904589
39.1916520320 39.1508904589
39.1916129000 39.1508904589
39.1916129000 39.1508904589
39.1924005628 39.1508904589
39.1924005628 39.1508904589
39.1924104329 39.1508904589
39.1924104329 39.1508904589
39.1906265353 39.1508904589
39.1906265353 39.1508904589
39.1905587116 39.1508904589
39.1905587116 39.1508904589
39.1903446655 39.1508904589
39.1903446655 39.1508904589
39.1828823024 39.1508904589
39.1828823024 39.1508904589
39.1828953630 39.1508904589
39.1828953630 39.1508904589
39.1849734172 39.1508904589
39.1849734172 39.1508904589
39.1849665030 39.1508904589
39.1849665030 39.1508904589
39.1896556048 39.1508904589
39.1896556048 39.1508904589
39.1897316472 39.1508904589
39.1897316472 39.1508904589
39.1948616299 39.1508904589
39.1948616299 39.1508904589
39.1948450468 39.1508904589
39.1948450468 39.1508904589
39.1948215722 39.1508904589
39.1948215722 39.1508904589
39.1917686408 39.1508904589
39.1917686408 39.1508904589
39.1867750397 39.1508904589
39.1867750397 39.1508904589
39.1867278565 39.1508904589
39.1867278565 39.1508904589
39.1821740761 39.1508904589
39.1821740761 39.1508904589
39.1820335531 39.1508904589
39.1820335531 39.1508904589
39.1819302420 39.1508904589
39.1819302420 39.1508904589
39.1769851684 39.1508904589
39.1769851684 39.1508904589
39.1886021124 39.1508904589
39.1886021124 39.1508904589
39.1885663675 39.1508904589
39.1885663675 39.1508904589
39.1885244360 39.1508904589
39.1885244360 39.1508904589
39.1759560444 39.1508904589
39.1759560444 39.1508904589
39.1757994414 39.1508904589
39.1757994414 39.1508904589
39.1632187808 39.1508904589
39.1632187808 39.1508904589
39.1631556510 39.1508904589
39.1631556510 39.1508904589
39.1690875390 39.1508904589
39.1690875390 39.1508904589
39.1691098962 39.1508904589
39.1691098962 39.1508904589
39.1622719608 39.1508904589
39.1622719608 39.1508904589
39.1621697996 39.1508904589
39.1621697996 39.1508904589
39.1593242898 39.1508904589
39.1593242898 39.1508904589
39.1593242898 39.1508904589
39.1593242898 39.1508904589
39.1593267405 39.1508904589
39.1593267405 39.1508904589
39.1593203574 39.1508904589
39.1593203574 39.1508904589
39.1591196685 39.1508904589
39.1591196685 39.1508904589
39.1590719133 39.1508904589
39.1590719133 39.1508904589
39.1750318370 39.1508904589
39.1750318370 39.1508904589
39.1749846721 39.1508904589
39.1749846721 39.1508904589
39.1575739291 39.1508904589
39.1575739291 39.1508904589
39.1573603641 39.1508904589
39.1573603641 39.1508904589
39.1430441592 39.1508904589
39.1430441592 39.1508904589
39.1429596644 39.1508904589
39.1429596644 39.1508904589
39.1350555827 39.1508904589
39.1350555827 39.1508904589
39.1350041976 39.1508904589
39.1350041976 39.1508904589
39.1349471017 39.1508904589
39.1349471017 39.1508904589
39.1345429201 39.1508904589
39.1345429201 39.1508904589
39.1345102272 39.1508904589
39.1345102272 39.1508904589
39.1347402623 39.1508904589
39.1347402623 39.1508904589
39.1347244745 39.1508904589
39.1347244745 39.1508904589
39.1400609999 39.1508904589
39.1400609999 39.1508904589
39.1400609999 39.1508904589
39.1400609999 39.1508904589
39.1400786960 39.1508904589
39.1400786960 39.1508904589
39.1401221303 39.1508904589
39.1401221303 39.1508904589
39.1418639366 39.1508904589
39.1418639366 39.1508904589
39.1417652657 39.1508904589
39.1417652657 39.1508904589
39.1332531170 39.1508904589
39.1332531170 39.1508904589
39.1331919351 39.1508904589
39.1331919351 39.1508904589
39.1331430917 39.1508904589
39.1331430917 39.1508904589
39.1377105536 39.1508904589
39.1377105536 39.1508904589
39.1377190204 39.1508904589
39.1377190204 39.1508904589
39.1377190204 39.1508904589
39.1377190204 39.1508904589
39.1359546995 39.1508904589
39.1359546995 39.1508904589
39.1359042635 39.1508904589
39.1359042635 39.1508904589
39.1318170362 39.1508904589
39.1318170362 39.1508904589
39.1317753936 39.1508904589
39.1317753936 39.1508904589
39.1317252011 39.1508904589
39.1317252011 39.1508904589
39.1304188127 39.1508904589
39.1304188127 39.1508904589
39.1303877063 39.1508904589
39.1303877063 39.1508904589
39.1334575396 39.1508904589
39.1334575396 39.1508904589
39.1334937294 39.1508904589
39.1334937294 39.1508904589
39.1343527547 39.1508904589
39.1343527547 39.1508904589
39.1287680003 39.1508904589
39.1287680003 39.1508904589
39.1287654392 39.1508904589
39.1287654392 39.1508904589
39.1287565598 39.1508904589
39.1287565598 39.1508904589
39.1345214656 39.1508904589
39.1345214656 39.1508904589
39.1345250809 39.1508904589
39.1345250809 39.1508904589
39.1365467998 39.1508904589
39.1365467998 39.1508904589
39.1365977422 39.1508904589
39.1365977422 39.1508904589
39.1366044175 39.1508904589
39.1366044175 39.1508904589
39.1534592576 39.1508904589
39.1534592576 39.1508904589
39.1533868266 39.1508904589
39.1533868266 39.1508904589
39.1363374254 39.1508904589
39.1363374254 39.1508904589
39.1362069689 39.1508904589
39.1362069689 39.1508904589
39.1183915141 39.1508904589
39.1183915141 39.1508904589
39.1183000729 39.1508904589
39.1183000729 39.1508904589
39.1172057462 39.1508904589
39.1172057462 39.1508904589
39.1172436418 39.1508904589
39.1172436418 39.1508904589
39.1174837682 39.1508904589
39.1174837682 39.1508904589
39.1174106954 39.1508904589
39.1174106954 39.1508904589
39.1170435819 39.1508904589
39.1170435819 39.1508904589
39.1171847315 39.1508904589
39.1171847315 39.1508904589
39.1343134107 39.1508904589
39.1343134107 39.1508904589
39.1342495374 39.1508904589
39.1342495374 39.1508904589
39.1185837272 39.1508904589
39.1185837272 39.1508904589
39.1184820519 39.1508904589
39.1184820519 39.1508904589
39.1081352418 39.1508904589
39.1081352418 39.1508904589
39.1082050018 39.1508904589
39.1082050018 39.1508904589
39.1084705164 39.1508904589
39.1084705164 39.1508904589
39.1085060071 39.1508904589
39.1085060071 39.1508904589
39.1113880577 39.1508904589
39.1113880577 39.1508904589
39.1113880577 39.1508904589
39.1113880577 39.1508904589
39.1113709497 39.1508904589
39.1113709497 39.1508904589
39.1113492703 39.1508904589
39.1113492703 39.1508904589
39.1114631924 39.1508904589
39.1114631924 39.1508904589
39.1112461122 39.1508904589
39.1112461122 39.1508904589
39.1110917929 39.1508904589
39.1110917929 39.1508904589
39.1109288451 39.1508904589
39.1109288451 39.1508904589
39.1031590568 39.1508904589
39.1031590568 39.1508904589
39.1043617205 39.1508904589
39.1043617205 39.1508904589
39.1043863458 39.1508904589
39.1043863458 39.1508904589
39.1044162823 39.1508904589
39.1044162823 39.1508904589
39.1085289920 39.1508904589
39.1085289920 39.1508904589
39.1085289043 39.1508904589
39.1085289043 39.1508904589
39.1097127358 39.1508904589
39.1097127358 39.1508904589
39.1097139450 39.1508904589
39.1097139450 39.1508904589
39.1094044822 39.1508904589
39.1094044822 39.1508904589
39.1094044822 39.1508904589
39.1094044822 39.1508904589
39.1093926512 39.1508904589
39.1093926512 39.1508904589
39.1093460092 39.1508904589
39.1093460092 39.1508904589
39.1093067694 39.1508904589
39.1093067694 39.1508904589
39.1103322366 39.1508904589
39.1103322366 39.1508904589
39.1103472533 39.1508904589
39.1103472533 39.1508904589
39.1103472533 39.1508904589
39.1103472533 39.1508904589
39.1103280295 39.1508904589
39.1103280295 39.1508904589
39.1103057694 39.1508904589
39.1103057694 39.1508904589
39.1101928299 39.1508904589
39.1101928299 39.1508904589
39.1101462192 39.1508904589
39.1101462192 39.1508904589
39.1101054752 39.1508904589
39.1101054752 39.1508904589
39.1118599971 39.1508904589
39.1118599971 39.1508904589
39.1118599971 39.1508904589
39.1118599971 39.1508904589
39.1117795313 39.1508904589
39.1117795313 39.1508904589
39.1094344833 39.1508904589
39.1094344833 39.1508904589
39.1094049663 39.1508904589
39.1094049663 39.1508904589
39.1093768833 39.1508904589
39.1093768833 39.1508904589
39.1093713693 39.1508904589
39.1093713693 39.1508904589
39.1093984804 39.1508904589
39.1093984804 39.1508904589
39.1159860152 39.1508904589
39.1159860152 39.1508904589
39.1159860152 39.1508904589
39.1159860152 39.1508904589
39.1159860152 39.1508904589
39.1159860152 39.1508904589
39.1159835779 39.1508904589
39.1159835779 39.1508904589
39.1187987578 39.1508904589
39.1187987578 39.1508904589
39.1187800769 39.1508904589
39.1187800769 39.1508904589
39.1187633649 39.1508904589
39.1187633649 39.1508904589
39.1197511288 39.1508904589
39.1197511288 39.1508904589
39.1197218743 39.1508904589
39.1197218743 39.1508904589
39.1196857997 39.1508904589
39.1196857997 39.1508904589
39.1149805636 39.1508904589
39.1149805636 39.1508904589
39.1149561381 39.1508904589
39.1149561381 39.1508904589
39.1128616203 39.1508904589
39.1128616203 39.1508904589
39.1128250218 39.1508904589
39.1128250218 39.1508904589
39.1128043046 39.1508904589
39.1128043046 39.1508904589
39.1091787945 39.1508904589
39.1091787945 39.1508904589
39.1089538688 39.1508904589
39.1089538688 39.1508904589
39.1162511444 39.1508904589
39.1162511444 39.1508904589
39.1161799325 39.1508904589
39.1161799325 39.1508904589
39.1022611006 39.1508904589
39.1022611006 39.1508904589
39.1021861700 39.1508904589
39.1021861700 39.1508904589
39.1021460634 39.1508904589
39.1021460634 39.1508904589
39.0909632712 39.1508904589
39.0909632712 39.1508904589
39.0908898647 39.1508904589
39.0908898647 39.1508904589
39.0936987849 39.1508904589
39.0936987849 39.1508904589
39.0944587978 39.1508904589
39.0944587978 39.1508904589
39.0944801878 39.1508904589
39.0944801878 39.1508904589
39.0944949050 39.1508904589
39.0944949050 39.1508904589
39.1018721051 39.1508904589
39.1018721051 39.1508904589
39.1018721051 39.1508904589
39.1018721051 39.1508904589
39.1019096104 39.1508904589
39.1019096104 39.1508904589
39.1018992931 39.1508904589
39.1018992931 39.1508904589
39.1018161168 39.1508904589
39.1018161168 39.1508904589
39.1115956475 39.1508904589
39.1115956475 39.1508904589
39.1116017568 39.1508904589
39.1116017568 39.1508904589
39.1115999332 39.1508904589
39.1115999332 39.1508904589
39.1014166648 39.1508904589
39.1014166648 39.1508904589
39.1013501220 39.1508904589
39.1013501220 39.1508904589
39.0966855071 39.1508904589
39.0966855071 39.1508904589
39.0966278198 39.1508904589
39.0966278198 39.1508904589
39.0965633505 39.1508904589
39.0965633505 39.1508904589
39.0956922215 39.1508904589
39.0956922215 39.1508904589
39.0956045075 39.1508904589
39.0956045075 39.1508904589
39.0893417792 39.1508904589
39.0893417792 39.1508904589
39.0893240208 39.1508904589
39.0893240208 39.1508904589
39.0893240208 39.1508904589
39.0893240208 39.1508904589
39.0893240208 39.1508904589
39.0893240208 39.1508904589
39.0892825577 39.1508904589
39.0892825577 39.1508904589
39.0865323903 39.1508904589
39.0865323903 39.1508904589
39.0865002499 39.1508904589
39.0865002499 39.1508904589
39.0864613596 39.1508904589
39.0864613596 39.1508904589
39.0865985634 39.1508904589
39.0865985634 39.1508904589
39.0866352963 39.1508904589
39.0866352963 39.1508904589
39.0866352963 39.1508904589
39.0866352963 39.1508904589
39.0919668694 39.1508904589
39.0919668694 39.1508904589
39.0919456040 39.1508904589
39.0919456040 39.1508904589
39.0932792495 39.1508904589
39.0932792495 39.1508904589
39.0932664622 39.1508904589
39.0932664622 39.1508904589
39.0951144209 39.1508904589
39.0951144209 39.1508904589
39.0951108072 39.1508904589
39.0951108072 39.1508904589
39.0951006638 39.1508904589
39.0951006638 39.1508904589
39.0996258787 39.1508904589
39.0996258787 39.1508904589
39.0996181211 39.1508904589
39.0996181211 39.1508904589
39.1005373586 39.1508904589
39.1005373586 39.1508904589
39.1004153251 39.1508904589
39.1004153251 39.1508904589
39.1002850863 39.1508904589
39.1002850863 39.1508904589
39.1001458585 39.1508904589
39.1001458585 39.1508904589
39.0904301823 39.1508904589
39.0904301823 39.1508904589
39.0903306219 39.1508904589
39.0903306219 39.1508904589
39.0876124370 39.1508904589
39.0876124370 39.1508904589
39.0876277603 39.1508904589
39.0876277603 39.1508904589
39.0908524677 39.1508904589
39.0908524677 39.1508904589
39.0908375832 39.1508904589
39.0908375832 39.1508904589
39.0926208974 39.1508904589
39.0926208974 39.1508904589
39.0926318273 39.1508904589
39.0926318273 39.1508904589
39.0946561489 39.1508904589
39.0946561489 39.1508904589
39.0946264076 39.1508904589
39.0946264076 39.1508904589
39.0931196874 39.1508904589
39.0931196874 39.1508904589
39.0930956171 39.1508904589
39.0930956171 39.1508904589
39.0952299928 39.1508904589
39.0952299928 39.1508904589
39.0952150005 39.1508904589
39.0952150005 39.1508904589
39.0951919922 39.1508904589
39.0951919922 39.1508904589
39.0951505516 39.1508904589
39.0951505516 39.1508904589
39.0951405872 39.1508904589
39.0951405872 39.1508904589
39.0907748558 39.1508904589
39.0907748558 39.1508904589
39.0906985236 39.1508904589
39.0906985236 39.1508904589
39.0844396205 39.1508904589
39.0844396205 39.1508904589
39.0843809904 39.1508904589
39.0843809904 39.1508904589
39.0866154985 39.1508904589
39.0866154985 39.1508904589
39.0865456210 39.1508904589
39.0865456210 39.1508904589
39.0864663432 39.1508904589
39.0864663432 39.1508904589
39.0844522891 39.1508904589
39.0844522891 39.1508904589
39.0844299228 39.1508904589
39.0844299228 39.1508904589
39.0844002199 39.1508904589
39.0844002199 39.1508904589
39.0868307839 39.1508904589
39.0868307839 39.1508904589
39.0868715248 39.1508904589
39.0868715248 39.1508904589
39.0869038864 39.1508904589
39.0869038864 39.1508904589
39.0894631115 39.1508904589
39.0894631115 39.1508904589
39.0894268171 39.1508904589
39.0894268171 39.1508904589
39.0878939627 39.1508904589
39.0878939627 39.1508904589
39.0878467036 39.1508904589
39.0878467036 39.1508904589
39.0867266196 39.1508904589
39.0867266196 39.1508904589
39.0866888132 39.1508904589
39.0866888132 39.1508904589
39.0856232541 39.1508904589
39.0856232541 39.1508904589
39.0856232541 39.1508904589
39.0856232541 39.1508904589
39.0856079005 39.1508904589
39.0856079005 39.1508904589
39.0894489243 39.1508904589
39.0894489243 39.1508904589
39.0894319839 39.1508904589
39.0894319839 39.1508904589
39.0894051496 39.1508904589
39.0894051496 39.1508904589
39.0865864522 39.1508904589
39.0865864522 39.1508904589
39.0865323507 39.1508904589
39.0865323507 39.1508904589
