40.4769601173 40.1610425442
40.7864385373 40.1610425442
40.7864385373 40.1610425442
41.0896051717 40.1610425442
41.0896051717 40.1610425442
41.3865859414 40.1610425442
41.3865859414 40.1610425442
41.6775044392 40.1610425442
41.6775044392 40.1610425442
41.9624824016 40.1610425442
41.9624824016 40.1610425442
42.2416396234 40.1610425442
42.2416396234 40.1610425442
42.5150931348 40.1610425442
42.5150931348 40.1610425442
42.7829509014 40.1610425442
42.7829509014 40.1610425442
43.0453251584 40.1610425442
43.0453251584 40.1610425442
43.3023271529 40.1610425442
43.3023271529 40.1610425442
43.5540656826 40.1610425442
43.5540656826 40.1610425442
43.8006473704 40.1610425442
43.8006473704 40.1610425442
44.0421772226 40.1610425442
44.0421772226 40.1610425442
44.2787580352 40.1610425442
44.2787580352 40.1610425442
44.5104910000 40.1610425442
44.5104910000 40.1610425442
44.7374749081 40.1610425442
44.7374749081 40.1610425442
44.9598065812 40.1610425442
44.9598065812 40.1610425442
45.1775808093 40.1610425442
45.1775808093 40.1610425442
45.3908909475 40.1610425442
45.3908909475 40.1610425442
45.5998283890 40.1610425442
45.5998283890 40.1610425442
45.8044826615 40.1610425442
45.8044826615 40.1610425442
46.0049417712 40.1610425442
46.0049417712 40.1610425442
46.2012918888 40.1610425442
46.2012918888 40.1610425442
46.3936179528 40.1610425442
46.3936179528 40.1610425442
46.5819954118 40.1610425442
46.5819954118 40.1610425442
46.7665049432 40.1610425442
46.7665049432 40.1610425442
46.9472258710 40.1610425442
46.9472258710 40.1610425442
47.1242363385 40.1610425442
47.1242363385 40.1610425442
47.2976125194 40.1610425442
47.2976125194 40.1610425442
47.4674293610 40.1610425442
47.4674293610 40.1610425442
47.6337603444 40.1610425442
47.6337603444 40.1610425442
47.7966774893 40.1610425442
47.7966774893 40.1610425442
47.9562516620 40.1610425442
47.9562516620 40.1610425442
48.1125517261 40.1610425442
48.1125517261 40.1610425442
48.2656458386 40.1610425442
48.2656458386 40.1610425442
48.4156002494 40.1610425442
48.4156002494 40.1610425442
48.5624797698 40.1610425442
48.5624797698 40.1610425442
48.7063479071 40.1610425442
48.7063479071 40.1610425442
48.8472669167 40.1610425442
48.8472669167 40.1610425442
48.9852978283 40.1610425442
48.9852978283 40.1610425442
49.1205004560 40.1610425442
49.1205004560 40.1610425442
49.2529334205 40.1610425442
49.2529334205 40.1610425442
49.3826544447 40.1610425442
49.3826544447 40.1610425442
49.5097195503 40.1610425442
49.5097195503 40.1610425442
49.6341770332 40.1610425442
49.6341770332 40.1610425442
49.7560806504 40.1610425442
49.7560806504 40.1610425442
49.8754832821 40.1610425442
49.8754832821 40.1610425442
49.9924368296 40.1610425442
49.9924368296 40.1610425442
50.1069921706 40.1610425442
50.1069921706 40.1610425442
50.2191991508 40.1610425442
50.2191991508 40.1610425442
50.3291069726 40.1610425442
50.3291069726 40.1610425442
50.4367633348 40.1610425442
50.4367633348 40.1610425442
50.5422148251 40.1610425442
50.5422148251 40.1610425442
50.6455071028 40.1610425442
50.6455071028 40.1610425442
50.7466849276 40.1610425442
50.7466849276 40.1610425442
50.8457921779 40.1610425442
50.8457921779 40.1610425442
50.9428718605 40.1610425442
50.9428718605 40.1610425442
51.0379661189 40.1610425442
51.0379661189 40.1610425442
51.1311162550 40.1610425442
51.1311162550 40.1610425442
51.2223627111 40.1610425442
51.2223627111 40.1610425442
51.3117451055 40.1610425442
51.3117451055 40.1610425442
51.3993022447 40.1610425442
51.3993022447 40.1610425442
51.4850721384 40.1610425442
51.4850721384 40.1610425442
51.5690920090 40.1610425442
51.5690920090 40.1610425442
51.6513982742 40.1610425442
51.6513982742 40.1610425442
51.7320266681 40.1610425442
51.7320266681 40.1610425442
51.8110121825 40.1610425442
51.8110121825 40.1610425442
51.8883890899 40.1610425442
51.8883890899 40.1610425442
51.9641909522 40.1610425442
51.9641909522 40.1610425442
52.0384506338 40.1610425442
52.0384506338 40.1610425442
52.1112003166 40.1610425442
52.1112003166 40.1610425442
52.1824715278 40.1610425442
52.1824715278 40.1610425442
52.2522953929 40.1610425442
52.2522953929 40.1610425442
52.3207018585 40.1610425442
52.3207018585 40.1610425442
52.3877205162 40.1610425442
52.3877205162 40.1610425442
52.4533803574 40.1610425442
52.4533803574 40.1610425442
52.5177097617 40.1610425442
52.5177097617 40.1610425442
52.5807365322 40.1610425442
52.5807365322 40.1610425442
52.6424878854 40.1610425442
52.6424878854 40.1610425442
52.7029904750 40.1610425442
52.7029904750 40.1610425442
52.7622705036 40.1610425442
52.7622705036 40.1610425442
52.8203536519 40.1610425442
52.8203536519 40.1610425442
52.8772647507 40.1610425442
52.8772647507 40.1610425442
52.9330281215 40.1610425442
52.9330281215 40.1610425442
52.9876676201 40.1610425442
52.9876676201 40.1610425442
53.0412066837 40.1610425442
53.0412066837 40.1610425442
53.0936614783 40.1610425442
53.0936614783 40.1610425442
53.1450539984 40.1610425442
53.1450539984 40.1610425442
53.1954064345 40.1610425442
53.1954064345 40.1610425442
53.2447404576 40.1610425442
53.2447404576 40.1610425442
53.2930773690 40.1610425442
53.2930773690 40.1610425442
53.3404380615 40.1610425442
53.3404380615 40.1610425442
53.3868430088 40.1610425442
53.3868430088 40.1610425442
53.4323122786 40.1610425442
53.4323122786 40.1610425442
53.4768655172 40.1610425442
53.4768655172 40.1610425442
53.5205219605 40.1610425442
53.5205219605 40.1610425442
53.5633004451 40.1610425442
53.5633004451 40.1610425442
53.6052194177 40.1610425442
53.6052194177 40.1610425442
53.6462969445 40.1610425442
53.6462969445 40.1610425442
53.6865507201 40.1610425442
53.6865507201 40.1610425442
53.7259980893 40.1610425442
53.7259980893 40.1610425442
53.7646560353 40.1610425442
53.7646560353 40.1610425442
53.8025411829 40.1610425442
53.8025411829 40.1610425442
53.8396697779 40.1610425442
53.8396697779 40.1610425442
53.8760577835 40.1610425442
53.8760577835 40.1610425442
53.9117208528 40.1610425442
53.9117208528 40.1610425442
53.9466743067 40.1610425442
53.9466743067 40.1610425442
53.9809331544 40.1610425442
53.9809331544 40.1610425442
54.0145120956 40.1610425442
54.0145120956 40.1610425442
54.0474255243 40.1610425442
54.0474255243 40.1610425442
54.0796875353 40.1610425442
54.0796875353 40.1610425442
54.1113119127 40.1610425442
54.1113119127 40.1610425442
54.1423121588 40.1610425442
54.1423121588 40.1610425442
54.1727015003 40.1610425442
54.1727015003 40.1610425442
54.2024928928 40.1610425442
54.2024928928 40.1610425442
54.2316990255 40.1610425442
54.2316990255 40.1610425442
54.2603323262 40.1610425442
54.2603323262 40.1610425442
54.2884049662 40.1610425442
54.2884049662 40.1610425442
54.3159288656 40.1610425442
54.3159288656 40.1610425442
54.3429156987 40.1610425442
54.3429156987 40.1610425442
54.3693768836 40.1610425442
54.3693768836 40.1610425442
54.3953236093 40.1610425442
54.3953236093 40.1610425442
54.4207668375 40.1610425442
54.4207668375 40.1610425442
54.4457173057 40.1610425442
54.4457173057 40.1610425442
54.4701855306 40.1610425442
54.4701855306 40.1610425442
54.4941818118 40.1610425442
54.4941818118 40.1610425442
54.5177162363 40.1610425442
54.5177162363 40.1610425442
54.5407986824 40.1610425442
54.5407986824 40.1610425442
54.5634388080 40.1610425442
54.5634388080 40.1610425442
54.5856460776 40.1610425442
54.5856460776 40.1610425442
54.6074297641 40.1610425442
54.6074297641 40.1610425442
54.6287989503 40.1610425442
54.6287989503 40.1610425442
54.6497625319 40.1610425442
54.6497625319 40.1610425442
54.6703292205 40.1610425442
54.6703292205 40.1610425442
54.6905075477 40.1610425442
54.6905075477 40.1610425442
54.7103058534 40.1610425442
54.7103058534 40.1610425442
54.7297323103 40.1610425442
54.7297323103 40.1610425442
54.7487949264 40.1610425442
54.7487949264 40.1610425442
54.7675015258 40.1610425442
54.7675015258 40.1610425442
54.7858601580 40.1610425442
54.7858601580 40.1610425442
54.8038782212 40.1610425442
54.8038782212 40.1610425442
54.8215628440 40.1610425442
54.8215628440 40.1610425442
54.8389210224 40.1610425442
54.8389210224 40.1610425442
54.8559596302 40.1610425442
54.8559596302 40.1610425442
54.8726854452 40.1610425442
54.8726854452 40.1610425442
54.8891051378 40.1610425442
54.8891051378 40.1610425442
54.9052252637 40.1610425442
54.9052252637 40.1610425442
54.9210522598 40.1610425442
54.9210522598 40.1610425442
54.9365924343 40.1610425442
54.9365924343 40.1610425442
54.9518519833 40.1610425442
54.9518519833 40.1610425442
54.9668369358 40.1610425442
54.9668369358 40.1610425442
54.9815532448 40.1610425442
54.9815532448 40.1610425442
54.9960067583 40.1610425442
54.9960067583 40.1610425442
55.0102032080 40.1610425442
55.0102032080 40.1610425442
55.0241482053 40.1610425442
55.0241482053 40.1610425442
55.0378475335 40.1610425442
55.0378475335 40.1610425442
55.0513062696 40.1610425442
55.0513062696 40.1610425442
55.0645296730 40.1610425442
55.0645296730 40.1610425442
55.0775228917 40.1610425442
55.0775228917 40.1610425442
55.0902909652 40.1610425442
55.0902909652 40.1610425442
55.1028388270 40.1610425442
55.1028388270 40.1610425442
55.1151715217 40.1610425442
55.1151715217 40.1610425442
55.1272935743 40.1610425442
55.1272935743 40.1610425442
55.1392096231 40.1610425442
55.1392096231 40.1610425442
55.1509242052 40.1610425442
55.1509242052 40.1610425442
55.1624417605 40.1610425442
55.1624417605 40.1610425442
55.1737666350 40.1610425442
55.1737666350 40.1610425442
55.1849030840 40.1610425442
55.1849030840 40.1610425442
55.1958552611 40.1610425442
55.1958552611 40.1610425442
55.2066272355 40.1610425442
55.2066272355 40.1610425442
55.2172230103 40.1610425442
55.2172230103 40.1610425442
55.2276464994 40.1610425442
55.2276464994 40.1610425442
55.2379018200 40.1610425442
55.2379018200 40.1610425442
55.2479924257 40.1610425442
55.2479924257 40.1610425442
55.2579219838 40.1610425442
55.2579219838 40.1610425442
55.2676940830 40.1610425442
55.2676940830 40.1610425442
55.2773122400 40.1610425442
55.2773122400 40.1610425442
55.2867798951 40.1610425442
55.2867798951 40.1610425442
55.2961004149 40.1610425442
55.2961004149 40.1610425442
55.3052770944 40.1610425442
55.3052770944 40.1610425442
55.3143133693 40.1610425442
55.3143133693 40.1610425442
55.3232121957 40.1610425442
55.3232121957 40.1610425442
55.3319766777 40.1610425442
55.3319766777 40.1610425442
55.3406097832 40.1610425442
55.3406097832 40.1610425442
55.3491144354 40.1610425442
55.3491144354 40.1610425442
55.3574935274 40.1610425442
55.3574935274 40.1610425442
55.3657498928 40.1610425442
55.3657498928 40.1610425442
55.3738861816 40.1610425442
55.3738861816 40.1610425442
55.3819053741 40.1610425442
55.3819053741 40.1610425442
55.3898087476 40.1610425442
55.3898087476 40.1610425442
55.3975982918 40.1610425442
55.3975982918 40.1610425442
55.4052762815 40.1610425442
55.4052762815 40.1610425442
55.4128450970 40.1610425442
55.4128450970 40.1610425442
55.4203071299 40.1610425442
55.4203071299 40.1610425442
55.4276647148 40.1610425442
55.4276647148 40.1610425442
55.4349202061 40.1610425442
55.4349202061 40.1610425442
55.4420759191 40.1610425442
55.4420759191 40.1610425442
55.4491341184 40.1610425442
55.4491341184 40.1610425442
55.4560970321 40.1610425442
55.4560970321 40.1610425442
55.4629668311 40.1610425442
55.4629668311 40.1610425442
55.4697456313 40.1610425442
55.4697456313 40.1610425442
55.4764355212 40.1610425442
55.4764355212 40.1610425442
55.4830385348 40.1610425442
55.4830385348 40.1610425442
55.4895569414 40.1610425442
55.4895569414 40.1610425442
55.4959924140 40.1610425442
55.4959924140 40.1610425442
55.5023468649 40.1610425442
55.5023468649 40.1610425442
55.5086221597 40.1610425442
55.5086221597 40.1610425442
55.5148201441 40.1610425442
55.5148201441 40.1610425442
55.5209426163 40.1610425442
55.5209426163 40.1610425442
55.5269913305 40.1610425442
55.5269913305 40.1610425442
55.5329680203 40.1610425442
55.5329680203 40.1610425442
55.5388743747 40.1610425442
55.5388743747 40.1610425442
55.5447122507 40.1610425442
55.5447122507 40.1610425442
55.5504830629 40.1610425442
55.5504830629 40.1610425442
55.5561883963 40.1610425442
55.5561883963 40.1610425442
55.5618297987 40.1610425442
55.5618297987 40.1610425442
55.5674090512 40.1610425442
55.5674090512 40.1610425442
55.5729273777 40.1610425442
55.5729273777 40.1610425442
55.5783862359 40.1610425442
55.5783862359 40.1610425442
55.5837870476 40.1610425442
55.5837870476 40.1610425442
55.5891311995 40.1610425442
55.5891311995 40.1610425442
55.5944200652 40.1610425442
55.5944200652 40.1610425442
55.5996549803 40.1610425442
55.5996549803 40.1610425442
55.6048372469 40.1610425442
55.6048372469 40.1610425442
55.6099681341 40.1610425442
55.6099681341 40.1610425442
55.6150488993 40.1610425442
55.6150488993 40.1610425442
55.6200809768 40.1610425442
55.6200809768 40.1610425442
55.6250653416 40.1610425442
55.6250653416 40.1610425442
55.6300031412 40.1610425442
55.6300031412 40.1610425442
55.6348959751 40.1610425442
55.6348959751 40.1610425442
55.6397449092 40.1610425442
55.6397449092 40.1610425442
55.6445509290 40.1610425442
55.6445509290 40.1610425442
55.6493148937 40.1610425442
55.6493148937 40.1610425442
55.6540376353 40.1610425442
55.6540376353 40.1610425442
55.6587200015 40.1610425442
55.6587200015 40.1610425442
55.6633628714 40.1610425442
55.6633628714 40.1610425442
55.6679670599 40.1610425442
55.6679670599 40.1610425442
55.6725334169 40.1610425442
55.6725334169 40.1610425442
55.6770628123 40.1610425442
55.6770628123 40.1610425442
55.6815560683 40.1610425442
55.6815560683 40.1610425442
55.6860223777 40.1610425442
55.6860223777 40.1610425442
55.6904630494 40.1610425442
55.6904630494 40.1610425442
55.6948790441 40.1610425442
55.6948790441 40.1610425442
55.6992713492 40.1610425442
55.6992713492 40.1610425442
55.7036404393 40.1610425442
55.7036404393 40.1610425442
55.7079869546 40.1610425442
55.7079869546 40.1610425442
55.7123117575 40.1610425442
55.7123117575 40.1610425442
55.7166151383 40.1610425442
55.7166151383 40.1610425442
55.7208976515 40.1610425442
55.7208976515 40.1610425442
55.7251599714 40.1610425442
55.7251599714 40.1610425442
55.7294015582 40.1610425442
55.7294015582 40.1610425442
55.7336224384 40.1610425442
55.7336224384 40.1610425442
55.7378229028 40.1610425442
55.7378229028 40.1610425442
55.7420033594 40.1610425442
55.7420033594 40.1610425442
55.7461642630 40.1610425442
55.7461642630 40.1610425442
55.7503060833 40.1610425442
55.7503060833 40.1610425442
55.7544292721 40.1610425442
55.7544292721 40.1610425442
55.7585342843 40.1610425442
55.7585342843 40.1610425442
55.7626215817 40.1610425442
55.7626215817 40.1610425442
55.7666915973 40.1610425442
55.7666915973 40.1610425442
55.7707447569 40.1610425442
55.7707447569 40.1610425442
55.7747814244 40.1610425442
55.7747814244 40.1610425442
55.7788020247 40.1610425442
55.7788020247 40.1610425442
55.7828069774 40.1610425442
55.7828069774 40.1610425442
55.7867966877 40.1610425442
55.7867966877 40.1610425442
55.7907717448 40.1610425442
55.7907717448 40.1610425442
55.7947323174 40.1610425442
55.7947323174 40.1610425442
55.7986787849 40.1610425442
55.7986787849 40.1610425442
55.8026117744 40.1610425442
55.8026117744 40.1610425442
55.8065313503 40.1610425442
55.8065313503 40.1610425442
55.8104378605 40.1610425442
55.8104378605 40.1610425442
55.8143316305 40.1610425442
55.8143316305 40.1610425442
55.8182129871 40.1610425442
55.8182129871 40.1610425442
55.8220822361 40.1610425442
55.8220822361 40.1610425442
55.8259396874 40.1610425442
55.8259396874 40.1610425442
55.8297856303 40.1610425442
55.8297856303 40.1610425442
55.8336203586 40.1610425442
55.8336203586 40.1610425442
55.8374443442 40.1610425442
55.8374443442 40.1610425442
55.8412576652 40.1610425442
55.8412576652 40.1610425442
55.8450605796 40.1610425442
55.8450605796 40.1610425442
55.8488533516 40.1610425442
55.8488533516 40.1610425442
55.8526365069 40.1610425442
55.8526365069 40.1610425442
55.8564099675 40.1610425442
55.8564099675 40.1610425442
55.8601836349 40.1610425442
55.8601836349 40.1610425442
55.8639585142 40.1610425442
55.8639585142 40.1610425442
55.8677347408 40.1610425442
55.8677347408 40.1610425442
55.8715127425 40.1610425442
55.8715127425 40.1610425442
55.8752922926 40.1610425442
55.8752922926 40.1610425442
55.8790734039 40.1610425442
55.8790734039 40.1610425442
55.8828560695 40.1610425442
55.8828560695 40.1610425442
55.8866402648 40.1610425442
55.8866402648 40.1610425442
55.8904259543 40.1610425442
55.8904259543 40.1610425442
55.8942130955 40.1610425442
55.8942130955 40.1610425442
55.8980016804 40.1610425442
55.8980016804 40.1610425442
55.9017917165 40.1610425442
55.9017917165 40.1610425442
55.9055832070 40.1610425442
55.9055832070 40.1610425442
55.9093763494 40.1610425442
55.9093763494 40.1610425442
55.9131709557 40.1610425442
55.9131709557 40.1610425442
55.9169670279 40.1610425442
55.9169670279 40.1610425442
55.9207645558 40.1610425442
55.9207645558 40.1610425442
55.9245638080 40.1610425442
55.9245638080 40.1610425442
55.9283645100 40.1610425442
55.9283645100 40.1610425442
55.9321666583 40.1610425442
55.9321666583 40.1610425442
55.9359702330 40.1610425442
55.9359702330 40.1610425442
55.9397752215 40.1610425442
55.9397752215 40.1610425442
55.9435815952 40.1610425442
55.9435815952 40.1610425442
55.9473893384 40.1610425442
55.9473893384 40.1610425442
55.9511984197 40.1610425442
55.9511984197 40.1610425442
55.9550088139 40.1610425442
55.9550088139 40.1610425442
55.9588204412 40.1610425442
55.9588204412 40.1610425442
55.9626335036 40.1610425442
55.9626335036 40.1610425442
55.9664477833 40.1610425442
55.9664477833 40.1610425442
55.9702632663 40.1610425442
55.9702632663 40.1610425442
55.9740799261 40.1610425442
55.9740799261 40.1610425442
55.9778980234 40.1610425442
55.9778980234 40.1610425442
55.9817173597 40.1610425442
55.9817173597 40.1610425442
55.9855382095 40.1610425442
55.9855382095 40.1610425442
55.9893604352 40.1610425442
55.9893604352 40.1610425442
55.9931837589 40.1610425442
55.9931837589 40.1610425442
55.9970079294 40.1610425442
55.9970079294 40.1610425442
56.0008326950 40.1610425442
56.0008326950 40.1610425442
56.0046684565 40.1610425442
56.0046684565 40.1610425442
56.0085157212 40.1610425442
56.0085157212 40.1610425442
56.0123745501 40.1610425442
56.0123745501 40.1610425442
56.0162450001 40.1610425442
56.0162450001 40.1610425442
56.0201266468 40.1610425442
56.0201266468 40.1610425442
56.0240192271 40.1610425442
56.0240192271 40.1610425442
56.0279224518 40.1610425442
56.0279224518 40.1610425442
56.0318360529 40.1610425442
56.0318360529 40.1610425442
56.0357600087 40.1610425442
56.0357600087 40.1610425442
56.0396937916 40.1610425442
56.0396937916 40.1610425442
56.0436371235 40.1610425442
56.0436371235 40.1610425442
56.0475897509 40.1610425442
56.0475897509 40.1610425442
56.0515513566 40.1610425442
56.0515513566 40.1610425442
56.0555217092 40.1610425442
56.0555217092 40.1610425442
56.0595005774 40.1610425442
56.0595005774 40.1610425442
56.0634877430 40.1610425442
56.0634877430 40.1610425442
56.0674831805 40.1610425442
56.0674831805 40.1610425442
56.0714864576 40.1610425442
56.0714864576 40.1610425442
56.0754973363 40.1610425442
56.0754973363 40.1610425442
56.0795156109 40.1610425442
56.0795156109 40.1610425442
56.0835409731 40.1610425442
56.0835409731 40.1610425442
56.0875734334 40.1610425442
56.0875734334 40.1610425442
56.0916124920 40.1610425442
56.0916124920 40.1610425442
56.0956579237 40.1610425442
56.0956579237 40.1610425442
56.0997095108 40.1610425442
56.0997095108 40.1610425442
56.1037670407 40.1610425442
56.1037670407 40.1610425442
56.1078303037 40.1610425442
56.1078303037 40.1610425442
56.1118990976 40.1610425442
56.1118990976 40.1610425442
56.1159732224 40.1610425442
56.1159732224 40.1610425442
56.1200524700 40.1610425442
56.1200524700 40.1610425442
56.1241368054 40.1610425442
56.1241368054 40.1610425442
56.1282258363 40.1610425442
56.1282258363 40.1610425442
56.1323193827 40.1610425442
56.1323193827 40.1610425442
56.1364172852 40.1610425442
56.1364172852 40.1610425442
56.1405196031 40.1610425442
56.1405196031 40.1610425442
56.1446372280 40.1610425442
56.1446372280 40.1610425442
56.1487709405 40.1610425442
56.1487709405 40.1610425442
56.1529208035 40.1610425442
56.1529208035 40.1610425442
56.1576150271 40.1610425442
56.1576150271 40.1610425442
56.1628452278 40.1610425442
56.1628452278 40.1610425442
56.1685758891 40.1610425442
56.1685758891 40.1610425442
56.1748538535 40.1610425442
56.1748538535 40.1610425442
56.1814078492 40.1610425442
56.1814078492 40.1610425442
56.1886419694 40.1610425442
56.1886419694 40.1610425442
56.1962122696 40.1610425442
56.1962122696 40.1610425442
56.2042872685 40.1610425442
56.2042872685 40.1610425442
56.2130667325 40.1610425442
56.2130667325 40.1610425442
56.2223980472 40.1610425442
56.2223980472 40.1610425442
56.2320926303 40.1610425442
56.2320926303 40.1610425442
56.2423344597 40.1610425442
56.2423344597 40.1610425442
56.2533941547 40.1610425442
56.2533941547 40.1610425442
56.2647570071 40.1610425442
56.2647570071 40.1610425442
56.2766882909 40.1610425442
56.2766882909 40.1610425442
56.2891830240 40.1610425442
56.2891830240 40.1610425442
56.3023824584 40.1610425442
56.3023824584 40.1610425442
56.3161775907 40.1610425442
56.3161775907 40.1610425442
56.3306842162 40.1610425442
56.3306842162 40.1610425442
56.3457247325 40.1610425442
56.3457247325 40.1610425442
56.3610546411 40.1610425442
56.3610546411 40.1610425442
56.3769612539 40.1610425442
56.3769612539 40.1610425442
56.3934332889 40.1610425442
56.3934332889 40.1610425442
56.4104607251 40.1610425442
56.4104607251 40.1610425442
56.4280576410 40.1610425442
56.4280576410 40.1610425442
56.4462154237 40.1610425442
56.4462154237 40.1610425442
56.4649202197 40.1610425442
56.4649202197 40.1610425442
56.4841782175 40.1610425442
56.4841782175 40.1610425442
56.5039791828 40.1610425442
56.5039791828 40.1610425442
56.5243134379 40.1610425442
56.5243134379 40.1610425442
56.5451922013 40.1610425442
56.5451922013 40.1610425442
56.5666083463 40.1610425442
56.5666083463 40.1610425442
56.5885471469 40.1610425442
56.5885471469 40.1610425442
56.6109947519 40.1610425442
56.6109947519 40.1610425442
56.6339631165 40.1610425442
56.6339631165 40.1610425442
56.6574422902 40.1610425442
56.6574422902 40.1610425442
56.6814225223 40.1610425442
56.6814225223 40.1610425442
56.7058940948 40.1610425442
56.7058940948 40.1610425442
56.7308696897 40.1610425442
56.7308696897 40.1610425442
56.7563358277 40.1610425442
56.7563358277 40.1610425442
56.7822791265 40.1610425442
56.7822791265 40.1610425442
56.8086879748 40.1610425442
56.8086879748 40.1610425442
56.8355720871 40.1610425442
56.8355720871 40.1610425442
56.8629228909 40.1610425442
56.8629228909 40.1610425442
56.8907319287 40.1610425442
56.8907319287 40.1610425442
56.9189905598 40.1610425442
56.9189905598 40.1610425442
56.9476897409 40.1610425442
56.9476897409 40.1610425442
56.9768427427 40.1610425442
56.9768427427 40.1610425442
57.0064336131 40.1610425442
57.0064336131 40.1610425442
57.0364498865 40.1610425442
57.0364498865 40.1610425442
57.0668799758 40.1610425442
57.0668799758 40.1610425442
57.0977130961 40.1610425442
57.0977130961 40.1610425442
57.1289608386 40.1610425442
57.1289608386 40.1610425442
57.1606133247 40.1610425442
57.1606133247 40.1610425442
57.1926635029 40.1610425442
57.1926635029 40.1610425442
57.2251012414 40.1610425442
57.2251012414 40.1610425442
57.2579188872 40.1610425442
57.2579188872 40.1610425442
57.2911050187 40.1610425442
57.2911050187 40.1610425442
57.3246743504 40.1610425442
57.3246743504 40.1610425442
57.3586192631 40.1610425442
57.3586192631 40.1610425442
57.3929284558 40.1610425442
57.3929284558 40.1610425442
57.4275894316 40.1610425442
57.4275894316 40.1610425442
57.4625875643 40.1610425442
57.4625875643 40.1610425442
57.4979104536 40.1610425442
57.4979104536 40.1610425442
57.5335699277 40.1610425442
57.5335699277 40.1610425442
57.5695569098 40.1610425442
57.5695569098 40.1610425442
57.6058625463 40.1610425442
57.6058625463 40.1610425442
57.6424778959 40.1610425442
57.6424778959 40.1610425442
57.6793945118 40.1610425442
57.6793945118 40.1610425442
57.7166035176 40.1610425442
57.7166035176 40.1610425442
57.7540958649 40.1610425442
57.7540958649 40.1610425442
57.7918857747 40.1610425442
57.7918857747 40.1610425442
57.8299651794 40.1610425442
57.8299651794 40.1610425442
57.8683253798 40.1610425442
57.8683253798 40.1610425442
57.9069590203 40.1610425442
57.9069590203 40.1610425442
57.9458568270 40.1610425442
57.9458568270 40.1610425442
57.9850097840 40.1610425442
57.9850097840 40.1610425442
58.0244079021 40.1610425442
58.0244079021 40.1610425442
58.0640639386 40.1610425442
58.0640639386 40.1610425442
58.1039697097 40.1610425442
58.1039697097 40.1610425442
58.1441169335 40.1610425442
58.1441169335 40.1610425442
58.1844969945 40.1610425442
58.1844969945 40.1610425442
58.2251014679 40.1610425442
58.2251014679 40.1610425442
58.2659203595 40.1610425442
58.2659203595 40.1610425442
58.3069452722 40.1610425442
58.3069452722 40.1610425442
58.3481672425 40.1610425442
58.3481672425 40.1610425442
58.3895983644 40.1610425442
58.3895983644 40.1610425442
58.4312316554 40.1610425442
58.4312316554 40.1610425442
58.4730587378 40.1610425442
58.4730587378 40.1610425442
58.5150714378 40.1610425442
58.5150714378 40.1610425442
58.2069198754 40.1610425442
58.2069198754 40.1610425442
57.9056559101 40.1610425442
57.9056559101 40.1610425442
57.6111384758 40.1610425442
57.6111384758 40.1610425442
57.3232288639 40.1610425442
57.3232288639 40.1610425442
57.0418030829 40.1610425442
57.0418030829 40.1610425442
56.7667286295 40.1610425442
56.7667286295 40.1610425442
56.4978744751 40.1610425442
56.4978744751 40.1610425442
56.2351122286 40.1610425442
56.2351122286 40.1610425442
55.9783157738 40.1610425442
55.9783157738 40.1610425442
55.7273607033 40.1610425442
55.7273607033 40.1610425442
55.4821260211 40.1610425442
55.4821260211 40.1610425442
55.2424923944 40.1610425442
55.2424923944 40.1610425442
55.0083427254 40.1610425442
55.0083427254 40.1610425442
54.7795692424 40.1610425442
54.7795692424 40.1610425442
54.5560602628 40.1610425442
54.5560602628 40.1610425442
54.3377055480 40.1610425442
54.3377055480 40.1610425442
54.1243968437 40.1610425442
54.1243968437 40.1610425442
53.9160274726 40.1610425442
53.9160274726 40.1610425442
53.7124932315 40.1610425442
53.7124932315 40.1610425442
53.5136922281 40.1610425442
53.5136922281 40.1610425442
53.3195247992 40.1610425442
53.3195247992 40.1610425442
53.1298934659 40.1610425442
53.1298934659 40.1610425442
52.9447024162 40.1610425442
52.9447024162 40.1610425442
52.7638576411 40.1610425442
52.7638576411 40.1610425442
52.5872669445 40.1610425442
52.5872669445 40.1610425442
52.4148397492 40.1610425442
52.4148397492 40.1610425442
52.2464872927 40.1610425442
52.2464872927 40.1610425442
52.0821226388 40.1610425442
52.0821226388 40.1610425442
51.9216606462 40.1610425442
51.9216606462 40.1610425442
51.7650172563 40.1610425442
51.7650172563 40.1610425442
51.6121110641 40.1610425442
51.6121110641 40.1610425442
51.4628625678 40.1610425442
51.4628625678 40.1610425442
51.3171941962 40.1610425442
51.3171941962 40.1610425442
51.1750293775 40.1610425442
51.1750293775 40.1610425442
51.0362932471 40.1610425442
51.0362932471 40.1610425442
50.9009136843 40.1610425442
50.9009136843 40.1610425442
50.7688236502 40.1610425442
50.7688236502 40.1610425442
50.6399550153 40.1610425442
50.6399550153 40.1610425442
50.5142401703 40.1610425442
50.5142401703 40.1610425442
50.3916118677 40.1610425442
50.3916118677 40.1610425442
50.2720033663 40.1610425442
50.2720033663 40.1610425442
50.1553491608 40.1610425442
50.1553491608 40.1610425442
50.0415855608 40.1610425442
50.0415855608 40.1610425442
49.9306498985 40.1610425442
49.9306498985 40.1610425442
49.8224808256 40.1610425442
49.8224808256 40.1610425442
49.7170180410 40.1610425442
49.7170180410 40.1610425442
49.6142028504 40.1610425442
49.6142028504 40.1610425442
49.5139770676 40.1610425442
49.5139770676 40.1610425442
49.4162841051 40.1610425442
49.4162841051 40.1610425442
49.3210686039 40.1610425442
49.3210686039 40.1610425442
49.2282763542 40.1610425442
49.2282763542 40.1610425442
49.1378546068 40.1610425442
49.1378546068 40.1610425442
49.0497512408 40.1610425442
49.0497512408 40.1610425442
48.9639168538 40.1610425442
48.9639168538 40.1610425442
48.8803068306 40.1610425442
48.8803068306 40.1610425442
48.7988749133 40.1610425442
48.7988749133 40.1610425442
48.7195753219 40.1610425442
48.7195753219 40.1610425442
48.6423615595 40.1610425442
48.6423615595 40.1610425442
48.5671878115 40.1610425442
48.5671878115 40.1610425442
48.4940095166 40.1610425442
48.4940095166 40.1610425442
48.4227831391 40.1610425442
48.4227831391 40.1610425442
48.3534653733 40.1610425442
48.3534653733 40.1610425442
48.2860139700 40.1610425442
48.2860139700 40.1610425442
48.2203874989 40.1610425442
48.2203874989 40.1610425442
48.1565453749 40.1610425442
48.1565453749 40.1610425442
48.0944482001 40.1610425442
48.0944482001 40.1610425442
48.0340567394 40.1610425442
48.0340567394 40.1610425442
47.9753331985 40.1610425442
47.9753331985 40.1610425442
47.9182399992 40.1610425442
47.9182399992 40.1610425442
47.8627406240 40.1610425442
47.8627406240 40.1610425442
47.8087994061 40.1610425442
47.8087994061 40.1610425442
47.7563819973 40.1610425442
47.7563819973 40.1610425442
47.7054541263 40.1610425442
47.7054541263 40.1610425442
47.6559821663 40.1610425442
47.6559821663 40.1610425442
47.6079335455 40.1610425442
47.6079335455 40.1610425442
47.5612770580 40.1610425442
47.5612770580 40.1610425442
47.5159808707 40.1610425442
47.5159808707 40.1610425442
47.4720144866 40.1610425442
47.4720144866 40.1610425442
47.4293493614 40.1610425442
47.4293493614 40.1610425442
47.3879610552 40.1610425442
47.3879610552 40.1610425442
47.3478235341 40.1610425442
47.3478235341 40.1610425442
47.3089083083 40.1610425442
47.3089083083 40.1610425442
47.2711870038 40.1610425442
47.2711870038 40.1610425442
47.2346310122 40.1610425442
47.2346310122 40.1610425442
47.1992132556 40.1610425442
47.1992132556 40.1610425442
47.1649072807 40.1610425442
47.1649072807 40.1610425442
47.1316873431 40.1610425442
47.1316873431 40.1610425442
47.0995282189 40.1610425442
47.0995282189 40.1610425442
47.0684051812 40.1610425442
47.0684051812 40.1610425442
47.0382942474 40.1610425442
47.0382942474 40.1610425442
47.0091713982 40.1610425442
47.0091713982 40.1610425442
46.9810136930 40.1610425442
46.9810136930 40.1610425442
46.9537980838 40.1610425442
46.9537980838 40.1610425442
46.9275023600 40.1610425442
46.9275023600 40.1610425442
46.9021049503 40.1610425442
46.9021049503 40.1610425442
46.8775842921 40.1610425442
46.8775842921 40.1610425442
46.8539199627 40.1610425442
46.8539199627 40.1610425442
46.8310912708 40.1610425442
46.8310912708 40.1610425442
46.8090786576 40.1610425442
46.8090786576 40.1610425442
46.7878624348 40.1610425442
46.7878624348 40.1610425442
46.7674240134 40.1610425442
46.7674240134 40.1610425442
46.7477446987 40.1610425442
46.7477446987 40.1610425442
46.7288061067 40.1610425442
46.7288061067 40.1610425442
46.7105908940 40.1610425442
46.7105908940 40.1610425442
46.6930815223 40.1610425442
46.6930815223 40.1610425442
46.6762607449 40.1610425442
46.6762607449 40.1610425442
46.6601122211 40.1610425442
46.6601122211 40.1610425442
46.6446196229 40.1610425442
46.6446196229 40.1610425442
46.6297667713 40.1610425442
46.6297667713 40.1610425442
46.6155380736 40.1610425442
46.6155380736 40.1610425442
46.6019188916 40.1610425442
46.6019188916 40.1610425442
46.5888943631 40.1610425442
46.5888943631 40.1610425442
46.5764550692 40.1610425442
46.5764550692 40.1610425442
46.5645890520 40.1610425442
46.5645890520 40.1610425442
46.5532838479 40.1610425442
46.5532838479 40.1610425442
46.5425257955 40.1610425442
46.5425257955 40.1610425442
46.5323011376 40.1610425442
46.5323011376 40.1610425442
46.5225960804 40.1610425442
46.5225960804 40.1610425442
46.5133969480 40.1610425442
46.5133969480 40.1610425442
46.5046903752 40.1610425442
46.5046903752 40.1610425442
46.4964630566 40.1610425442
46.4964630566 40.1610425442
46.4887020838 40.1610425442
46.4887020838 40.1610425442
46.4813948584 40.1610425442
46.4813948584 40.1610425442
46.4745290876 40.1610425442
46.4745290876 40.1610425442
46.4680927865 40.1610425442
46.4680927865 40.1610425442
46.4620742661 40.1610425442
46.4620742661 40.1610425442
46.4564621241 40.1610425442
46.4564621241 40.1610425442
46.4512455411 40.1610425442
46.4512455411 40.1610425442
46.4464130794 40.1610425442
46.4464130794 40.1610425442
46.4419540519 40.1610425442
46.4419540519 40.1610425442
46.4378589015 40.1610425442
46.4378589015 40.1610425442
46.4341180125 40.1610425442
46.4341180125 40.1610425442
46.4307216164 40.1610425442
46.4307216164 40.1610425442
46.4276603784 40.1610425442
46.4276603784 40.1610425442
46.4249253889 40.1610425442
46.4249253889 40.1610425442
46.4225075496 40.1610425442
46.4225075496 40.1610425442
46.4203976547 40.1610425442
46.4203976547 40.1610425442
46.4185869422 40.1610425442
46.4185869422 40.1610425442
46.4170668250 40.1610425442
46.4170668250 40.1610425442
46.4158288937 40.1610425442
46.4158288937 40.1610425442
46.4148654990 40.1610425442
46.4148654990 40.1610425442
46.4141679972 40.1610425442
46.4141679972 40.1610425442
46.4137285128 40.1610425442
46.4137285128 40.1610425442
46.4135393458 40.1610425442
46.4135393458 40.1610425442
46.4135930701 40.1610425442
46.4135930701 40.1610425442
46.4138824858 40.1610425442
46.4138824858 40.1610425442
46.4144004187 40.1610425442
46.4144004187 40.1610425442
46.4151395260 40.1610425442
46.4151395260 40.1610425442
46.4160929240 40.1610425442
46.4160929240 40.1610425442
46.4172538830 40.1610425442
46.4172538830 40.1610425442
46.4186160880 40.1610425442
46.4186160880 40.1610425442
46.4201728345 40.1610425442
46.4201728345 40.1610425442
46.4219181278 40.1610425442
46.4219181278 40.1610425442
46.4238455181 40.1610425442
46.4238455181 40.1610425442
46.4259489893 40.1610425442
46.4259489893 40.1610425442
46.4282229154 40.1610425442
46.4282229154 40.1610425442
46.4306612877 40.1610425442
46.4306612877 40.1610425442
46.4332584728 40.1610425442
46.4332584728 40.1610425442
46.4360092475 40.1610425442
46.4360092475 40.1610425442
46.4389079570 40.1610425442
46.4389079570 40.1610425442
46.4419495854 40.1610425442
46.4419495854 40.1610425442
46.4451287504 40.1610425442
46.4451287504 40.1610425442
46.4484404292 40.1610425442
46.4484404292 40.1610425442
46.4518797135 40.1610425442
46.4518797135 40.1610425442
46.4554418104 40.1610425442
46.4554418104 40.1610425442
46.4591225673 40.1610425442
46.4591225673 40.1610425442
46.4629168604 40.1610425442
46.4629168604 40.1610425442
46.4668202070 40.1610425442
46.4668202070 40.1610425442
46.4708282299 40.1610425442
46.4708282299 40.1610425442
46.4749366580 40.1610425442
46.4749366580 40.1610425442
46.4791412689 40.1610425442
46.4791412689 40.1610425442
46.4834382127 40.1610425442
46.4834382127 40.1610425442
46.4878232227 40.1610425442
46.4878232227 40.1610425442
46.4922928059 40.1610425442
46.4922928059 40.1610425442
46.4968427301 40.1610425442
46.4968427301 40.1610425442
46.5014692764 40.1610425442
46.5014692764 40.1610425442
46.5061688167 40.1610425442
46.5061688167 40.1610425442
46.5109380620 40.1610425442
46.5109380620 40.1610425442
46.5157733071 40.1610425442
46.5157733071 40.1610425442
46.5206711763 40.1610425442
46.5206711763 40.1610425442
46.5256283747 40.1610425442
46.5256283747 40.1610425442
46.5306419729 40.1610425442
46.5306419729 40.1610425442
46.5357085412 40.1610425442
46.5357085412 40.1610425442
46.5408252459 40.1610425442
46.5408252459 40.1610425442
46.5459888644 40.1610425442
46.5459888644 40.1610425442
46.5511964797 40.1610425442
46.5511964797 40.1610425442
46.5564452456 40.1610425442
46.5564452456 40.1610425442
46.5617323847 40.1610425442
46.5617323847 40.1610425442
46.5670551872 40.1610425442
46.5670551872 40.1610425442
46.5724112258 40.1610425442
46.5724112258 40.1610425442
46.5777979921 40.1610425442
46.5777979921 40.1610425442
46.5832126829 40.1610425442
46.5832126829 40.1610425442
46.5886527716 40.1610425442
46.5886527716 40.1610425442
46.5941158212 40.1610425442
46.5941158212 40.1610425442
46.5995994713 40.1610425442
46.5995994713 40.1610425442
46.6051014314 40.1610425442
46.6051014314 40.1610425442
46.6106196998 40.1610425442
46.6106196998 40.1610425442
46.6161518857 40.1610425442
46.6161518857 40.1610425442
46.6216966142 40.1610425442
46.6216966142 40.1610425442
46.6272565076 40.1610425442
46.6272565076 40.1610425442
46.6328320049 40.1610425442
46.6328320049 40.1610425442
46.6384226220 40.1610425442
46.6384226220 40.1610425442
46.6440270956 40.1610425442
46.6440270956 40.1610425442
46.6496439896 40.1610425442
46.6496439896 40.1610425442
46.6552712783 40.1610425442
46.6552712783 40.1610425442
46.6609067919 40.1610425442
46.6609067919 40.1610425442
46.6665482625 40.1610425442
46.6665482625 40.1610425442
46.6721930813 40.1610425442
46.6721930813 40.1610425442
46.6778392646 40.1610425442
46.6778392646 40.1610425442
46.6834843495 40.1610425442
46.6834843495 40.1610425442
46.6891264131 40.1610425442
46.6891264131 40.1610425442
46.6947633812 40.1610425442
46.6947633812 40.1610425442
46.7003932662 40.1610425442
46.7003932662 40.1610425442
46.7060138734 40.1610425442
46.7060138734 40.1610425442
46.7116237014 40.1610425442
46.7116237014 40.1610425442
46.7172210271 40.1610425442
46.7172210271 40.1610425442
46.7228042051 40.1610425442
46.7228042051 40.1610425442
46.7283716631 40.1610425442
46.7283716631 40.1610425442
46.7339219043 40.1610425442
46.7339219043 40.1610425442
46.7394534962 40.1610425442
46.7394534962 40.1610425442
46.7449650675 40.1610425442
46.7449650675 40.1610425442
46.7504553045 40.1610425442
46.7504553045 40.1610425442
46.7559229487 40.1610425442
46.7559229487 40.1610425442
46.7613667953 40.1610425442
46.7613667953 40.1610425442
46.7667856664 40.1610425442
46.7667856664 40.1610425442
46.7721784619 40.1610425442
46.7721784619 40.1610425442
46.7775441009 40.1610425442
46.7775441009 40.1610425442
46.7828815717 40.1610425442
46.7828815717 40.1610425442
46.7881901094 40.1610425442
46.7881901094 40.1610425442
46.7934685462 40.1610425442
46.7934685462 40.1610425442
46.7987159592 40.1610425442
46.7987159592 40.1610425442
46.8039314837 40.1610425442
46.8039314837 40.1610425442
46.8091145404 40.1610425442
46.8091145404 40.1610425442
46.8142640512 40.1610425442
46.8142640512 40.1610425442
46.8193792230 40.1610425442
46.8193792230 40.1610425442
46.8244593172 40.1610425442
46.8244593172 40.1610425442
46.8295038264 40.1610425442
46.8295038264 40.1610425442
46.8345118431 40.1610425442
46.8345118431 40.1610425442
46.8394826902 40.1610425442
46.8394826902 40.1610425442
46.8444157403 40.1610425442
46.8444157403 40.1610425442
46.8493103702 40.1610425442
46.8493103702 40.1610425442
46.8541660022 40.1610425442
46.8541660022 40.1610425442
46.8589820605 40.1610425442
46.8589820605 40.1610425442
46.8637580120 40.1610425442
46.8637580120 40.1610425442
46.8684933238 40.1610425442
46.8684933238 40.1610425442
46.8731880020 40.1610425442
46.8731880020 40.1610425442
46.8778410509 40.1610425442
46.8778410509 40.1610425442
46.8824520169 40.1610425442
46.8824520169 40.1610425442
46.8870204489 40.1610425442
46.8870204489 40.1610425442
46.8915459384 40.1610425442
46.8915459384 40.1610425442
46.8960280757 40.1610425442
46.8960280757 40.1610425442
46.9004664895 40.1610425442
46.9004664895 40.1610425442
46.9048608045 40.1610425442
46.9048608045 40.1610425442
46.9092106862 40.1610425442
46.9092106862 40.1610425442
46.9135157934 40.1610425442
46.9135157934 40.1610425442
46.9177758179 40.1610425442
46.9177758179 40.1610425442
46.9219907003 40.1610425442
46.9219907003 40.1610425442
46.9261599140 40.1610425442
46.9261599140 40.1610425442
46.9302831720 40.1610425442
46.9302831720 40.1610425442
46.9343602238 40.1610425442
46.9343602238 40.1610425442
46.9383908160 40.1610425442
46.9383908160 40.1610425442
46.9423747297 40.1610425442
46.9423747297 40.1610425442
46.9463117412 40.1610425442
46.9463117412 40.1610425442
46.9502019296 40.1610425442
46.9502019296 40.1610425442
46.9540448271 40.1610425442
46.9540448271 40.1610425442
46.9578402602 40.1610425442
46.9578402602 40.1610425442
46.9615880539 40.1610425442
46.9615880539 40.1610425442
46.9652880685 40.1610425442
46.9652880685 40.1610425442
46.9689401603 40.1610425442
46.9689401603 40.1610425442
46.9725443370 40.1610425442
46.9725443370 40.1610425442
46.9760994272 40.1610425442
46.9760994272 40.1610425442
46.9796041645 40.1610425442
46.9796041645 40.1610425442
46.9830584037 40.1610425442
46.9830584037 40.1610425442
46.9864623805 40.1610425442
46.9864623805 40.1610425442
46.9898164239 40.1610425442
46.9898164239 40.1610425442
46.9931208132 40.1610425442
46.9931208132 40.1610425442
46.9963757601 40.1610425442
46.9963757601 40.1610425442
46.9995814099 40.1610425442
46.9995814099 40.1610425442
47.0027378508 40.1610425442
47.0027378508 40.1610425442
47.0058451288 40.1610425442
47.0058451288 40.1610425442
47.0089032588 40.1610425442
47.0089032588 40.1610425442
47.0119122675 40.1610425442
47.0119122675 40.1610425442
47.0148721620 40.1610425442
47.0148721620 40.1610425442
47.0177829655 40.1610425442
47.0177829655 40.1610425442
47.0206446904 40.1610425442
47.0206446904 40.1610425442
47.0234573728 40.1610425442
47.0234573728 40.1610425442
47.0262213055 40.1610425442
47.0262213055 40.1610425442
47.0289362682 40.1610425442
47.0289362682 40.1610425442
47.0316023062 40.1610425442
47.0316023062 40.1610425442
47.0342194932 40.1610425442
47.0342194932 40.1610425442
47.0367878984 40.1610425442
47.0367878984 40.1610425442
47.0393076143 40.1610425442
47.0393076143 40.1610425442
47.0417787290 40.1610425442
47.0417787290 40.1610425442
47.0442013273 40.1610425442
47.0442013273 40.1610425442
47.0465755290 40.1610425442
47.0465755290 40.1610425442
47.0489014513 40.1610425442
47.0489014513 40.1610425442
47.0511791568 40.1610425442
47.0511791568 40.1610425442
47.0534087529 40.1610425442
47.0534087529 40.1610425442
47.0555903461 40.1610425442
47.0555903461 40.1610425442
47.0577240698 40.1610425442
47.0577240698 40.1610425442
47.0598100548 40.1610425442
47.0598100548 40.1610425442
47.0618484295 40.1610425442
47.0618484295 40.1610425442
47.0638393557 40.1610425442
47.0638393557 40.1610425442
47.0657829866 40.1610425442
47.0657829866 40.1610425442
47.0676794685 40.1610425442
47.0676794685 40.1610425442
47.0695289754 40.1610425442
47.0695289754 40.1610425442
47.0713316707 40.1610425442
47.0713316707 40.1610425442
47.0730872225 40.1610425442
47.0730872225 40.1610425442
47.0747963160 40.1610425442
47.0747963160 40.1610425442
47.0764591229 40.1610425442
47.0764591229 40.1610425442
47.0780757951 40.1610425442
47.0780757951 40.1610425442
47.0796465035 40.1610425442
47.0796465035 40.1610425442
47.0811714032 40.1610425442
47.0811714032 40.1610425442
47.0826511527 40.1610425442
47.0826511527 40.1610425442
47.0840853883 40.1610425442
47.0840853883 40.1610425442
47.0854742651 40.1610425442
47.0854742651 40.1610425442
47.0868179394 40.1610425442
47.0868179394 40.1610425442
47.0881166038 40.1610425442
47.0881166038 40.1610425442
47.0893704430 40.1610425442
47.0893704430 40.1610425442
47.0905796356 40.1610425442
47.0905796356 40.1610425442
47.0917443881 40.1610425442
47.0917443881 40.1610425442
47.0928644127 40.1610425442
47.0928644127 40.1610425442
47.0939403970 40.1610425442
47.0939403970 40.1610425442
47.0949725547 40.1610425442
47.0949725547 40.1610425442
47.0959610777 40.1610425442
47.0959610777 40.1610425442
47.0969061419 40.1610425442
47.0969061419 40.1610425442
47.0978079438 40.1610425442
47.0978079438 40.1610425442
47.0986666656 40.1610425442
47.0986666656 40.1610425442
47.0994824780 40.1610425442
47.0994824780 40.1610425442
47.1002555777 40.1610425442
47.1002555777 40.1610425442
47.1009866438 40.1610425442
47.1009866438 40.1610425442
47.1016753380 40.1610425442
47.1016753380 40.1610425442
47.1023218598 40.1610425442
47.1023218598 40.1610425442
47.1029264072 40.1610425442
47.1029264072 40.1610425442
47.1034891762 40.1610425442
47.1034891762 40.1610425442
47.1040103926 40.1610425442
47.1040103926 40.1610425442
47.1044897619 40.1610425442
47.1044897619 40.1610425442
47.1049280231 40.1610425442
47.1049280231 40.1610425442
47.1053254109 40.1610425442
47.1053254109 40.1610425442
47.1056821380 40.1610425442
47.1056821380 40.1610425442
47.1059984010 40.1610425442
47.1059984010 40.1610425442
47.1062744148 40.1610425442
47.1062744148 40.1610425442
47.1065103797 40.1610425442
47.1065103797 40.1610425442
47.1067064849 40.1610425442
47.1067064849 40.1610425442
47.1068629433 40.1610425442
47.1068629433 40.1610425442
47.1069799677 40.1610425442
47.1069799677 40.1610425442
47.1070576140 40.1610425442
47.1070576140 40.1610425442
47.1070958713 40.1610425442
47.1070958713 40.1610425442
47.1070954828 40.1610425442
47.1070954828 40.1610425442
47.1070574570 40.1610425442
47.1070574570 40.1610425442
47.1069821528 40.1610425442
47.1069821528 40.1610425442
47.1068700980 40.1610425442
47.1068700980 40.1610425442
47.1067216974 40.1610425442
47.1067216974 40.1610425442
47.1065372855 40.1610425442
47.1065372855 40.1610425442
47.1063171422 40.1610425442
47.1063171422 40.1610425442
47.1060615074 40.1610425442
47.1060615074 40.1610425442
47.1057705941 40.1610425442
47.1057705941 40.1610425442
47.1054440823 40.1610425442
47.1054440823 40.1610425442
47.1050826890 40.1610425442
47.1050826890 40.1610425442
47.1046865954 40.1610425442
47.1046865954 40.1610425442
47.1041146535 40.1610425442
47.1041146535 40.1610425442
47.1030067655 40.1610425442
47.1030067655 40.1610425442
47.1012616567 40.1610425442
47.1012616567 40.1610425442
47.0988761535 40.1610425442
47.0988761535 40.1610425442
47.0958567412 40.1610425442
47.0958567412 40.1610425442
47.0923889033 40.1610425442
47.0923889033 40.1610425442
47.0882993712 40.1610425442
47.0882993712 40.1610425442
47.0836026876 40.1610425442
47.0836026876 40.1610425442
47.0783095931 40.1610425442
47.0783095931 40.1610425442
47.0724186735 40.1610425442
47.0724186735 40.1610425442
47.0659503961 40.1610425442
47.0659503961 40.1610425442
47.0589616987 40.1610425442
47.0589616987 40.1610425442
47.0516455976 40.1610425442
47.0516455976 40.1610425442
47.0444570119 40.1610425442
47.0444570119 40.1610425442
47.0375423934 40.1610425442
47.0375423934 40.1610425442
47.0305050228 40.1610425442
47.0305050228 40.1610425442
47.0236011389 40.1610425442
47.0236011389 40.1610425442
47.0180833292 40.1610425442
47.0180833292 40.1610425442
47.0138090060 40.1610425442
47.0138090060 40.1610425442
47.0097647288 40.1610425442
47.0097647288 40.1610425442
47.0063442882 40.1610425442
47.0063442882 40.1610425442
47.0037471122 40.1610425442
47.0037471122 40.1610425442
47.0020979029 40.1610425442
47.0020979029 40.1610425442
47.0014032884 40.1610425442
47.0014032884 40.1610425442
47.0012019193 40.1610425442
47.0012019193 40.1610425442
47.0017010673 40.1610425442
47.0017010673 40.1610425442
47.0032358689 40.1610425442
47.0032358689 40.1610425442
47.0057924486 40.1610425442
47.0057924486 40.1610425442
47.0093031435 40.1610425442
47.0093031435 40.1610425442
47.0137023877 40.1610425442
47.0137023877 40.1610425442
47.0172322971 40.1610425442
47.0172322971 40.1610425442
47.0209130620 40.1610425442
47.0209130620 40.1610425442
47.0251628531 40.1610425442
47.0251628531 40.1610425442
47.0301179333 40.1610425442
47.0301179333 40.1610425442
47.0358482310 40.1610425442
47.0358482310 40.1610425442
47.0423100345 40.1610425442
47.0423100345 40.1610425442
47.0493653190 40.1610425442
47.0493653190 40.1610425442
47.0569245675 40.1610425442
47.0569245675 40.1610425442
47.0648792742 40.1610425442
47.0648792742 40.1610425442
47.0710721271 40.1610425442
47.0710721271 40.1610425442
47.0767975156 40.1610425442
47.0767975156 40.1610425442
47.0830875969 40.1610425442
47.0830875969 40.1610425442
47.0898625405 40.1610425442
47.0898625405 40.1610425442
47.0970085455 40.1610425442
47.0970085455 40.1610425442
47.1044286332 40.1610425442
47.1044286332 40.1610425442
47.1120057202 40.1610425442
47.1120057202 40.1610425442
47.1196636905 40.1610425442
47.1196636905 40.1610425442
47.1273364046 40.1610425442
47.1273364046 40.1610425442
47.1349622570 40.1610425442
47.1349622570 40.1610425442
47.1425287380 40.1610425442
47.1425287380 40.1610425442
47.1499302119 40.1610425442
47.1499302119 40.1610425442
47.1571005489 40.1610425442
47.1571005489 40.1610425442
47.1639906403 40.1610425442
47.1639906403 40.1610425442
47.1716639920 40.1610425442
47.1716639920 40.1610425442
47.1771553429 40.1610425442
47.1771553429 40.1610425442
47.1817176934 40.1610425442
47.1817176934 40.1610425442
47.1858382692 40.1610425442
47.1858382692 40.1610425442
47.1896835670 40.1610425442
47.1896835670 40.1610425442
47.1932887992 40.1610425442
47.1932887992 40.1610425442
47.1966509118 40.1610425442
47.1966509118 40.1610425442
47.1997321873 40.1610425442
47.1997321873 40.1610425442
47.2024965325 40.1610425442
47.2024965325 40.1610425442
47.2049065889 40.1610425442
47.2049065889 40.1610425442
47.2069250462 40.1610425442
47.2069250462 40.1610425442
47.2085485371 40.1610425442
47.2085485371 40.1610425442
47.2097518386 40.1610425442
47.2097518386 40.1610425442
47.2105062044 40.1610425442
47.2105062044 40.1610425442
47.2107853487 40.1610425442
47.2107853487 40.1610425442
47.2105702504 40.1610425442
47.2105702504 40.1610425442
47.2098434716 40.1610425442
47.2098434716 40.1610425442
47.2085871797 40.1610425442
47.2085871797 40.1610425442
47.2077969097 40.1610425442
47.2077969097 40.1610425442
47.2069264396 40.1610425442
47.2069264396 40.1610425442
47.2056842459 40.1610425442
47.2056842459 40.1610425442
47.2039509053 40.1610425442
47.2039509053 40.1610425442
47.2016769813 40.1610425442
47.2016769813 40.1610425442
47.1988425704 40.1610425442
47.1988425704 40.1610425442
47.1954396536 40.1610425442
47.1954396536 40.1610425442
47.1914650994 40.1610425442
47.1914650994 40.1610425442
47.1869161130 40.1610425442
47.1869161130 40.1610425442
47.1818177121 40.1610425442
47.1818177121 40.1610425442
47.1761691861 40.1610425442
47.1761691861 40.1610425442
47.1699685965 40.1610425442
47.1699685965 40.1610425442
47.1632156722 40.1610425442
47.1632156722 40.1610425442
47.1559363177 40.1610425442
47.1559363177 40.1610425442
47.1481316158 40.1610425442
47.1481316158 40.1610425442
47.1407031015 40.1610425442
47.1407031015 40.1610425442
47.1331104670 40.1610425442
47.1331104670 40.1610425442
47.1251278612 40.1610425442
47.1251278612 40.1610425442
47.1166718903 40.1610425442
