60.2473414845 39.1303001664
60.0920865938 39.1303001664
59.9380502706 39.1303001664
59.7852334668 39.1303001664
59.6336238815 39.1303001664
59.4832132291 39.1303001664
59.3339910190 39.1303001664
59.1859478739 39.1303001664
59.0390745204 39.1303001664
58.8933618110 39.1303001664
58.7488008938 39.1303001664
58.6053735175 39.1303001664
58.4630732105 39.1303001664
58.3218897710 39.1303001664
58.1818136707 39.1303001664
58.0428353708 39.1303001664
57.9049455803 39.1303001664
57.7681309968 39.1303001664
57.6323777263 39.1303001664
57.4976797844 39.1303001664
57.3640274679 39.1303001664
57.2314114803 39.1303001664
57.0998231149 39.1303001664
56.9692501146 39.1303001664
56.8396834282 39.1303001664
56.7111140840 39.1303001664
56.5835331797 39.1303001664
56.4569318855 39.1303001664
56.3313012820 39.1303001664
56.2066326079 39.1303001664
56.0829102447 39.1303001664
55.9601292222 39.1303001664
55.8382808483 39.1303001664
55.7173673958 39.1303001664
55.5974001829 39.1303001664
55.4783886179 39.1303001664
55.3603382713 39.1303001664
55.2432758898 39.1303001664
55.1271088300 39.1303001664
55.0118743835 39.1303001664
54.8975955466 39.1303001664
54.7842848167 39.1303001664
54.6719459097 39.1303001664
54.5605798291 39.1303001664
54.4501868597 39.1303001664
54.3407603714 39.1303001664
54.2323782607 39.1303001664
54.1247323926 39.1303001664
54.0179287261 39.1303001664
53.9120187949 39.1303001664
53.8069953708 39.1303001664
53.7028690311 39.1303001664
53.5996377294 39.1303001664
53.4972963458 39.1303001664
53.3959533547 39.1303001664
53.2955448904 39.1303001664
53.1960318780 39.1303001664
53.0973914704 39.1303001664
52.9995961627 39.1303001664
52.9028764445 39.1303001664
52.8071098691 39.1303001664
52.7118353666 39.1303001664
52.6173847561 39.1303001664
52.5237693902 39.1303001664
52.4309945066 39.1303001664
52.3390452324 39.1303001664
52.2479057849 39.1303001664
52.1575596514 39.1303001664
52.0679907398 39.1303001664
51.9791831041 39.1303001664
51.8913025761 39.1303001664
51.8042576320 39.1303001664
51.7179744992 39.1303001664
51.6324128140 39.1303001664
51.5475474232 39.1303001664
51.4633598585 39.1303001664
51.3798354822 39.1303001664
51.2969609674 39.1303001664
51.2149232384 39.1303001664
51.1336099662 39.1303001664
51.0529719514 39.1303001664
