58.2873570780 39.1303001664
58.1482945902 39.1303001664
58.0103293122 39.1303001664
57.8734505921 39.1303001664
57.7376468078 39.1303001664
57.6029053813 39.1303001664
57.4692146978 39.1303001664
57.3365640280 39.1303001664
57.2049421632 39.1303001664
57.0743388663 39.1303001664
56.9447430579 39.1303001664
56.8161447622 39.1303001664
56.6885336176 39.1303001664
56.5618995336 39.1303001664
56.4362277285 39.1303001664
56.3115082551 39.1303001664
56.1877313213 39.1303001664
56.0648875782 39.1303001664
55.9429674498 39.1303001664
55.8219616687 39.1303001664
55.7018617014 39.1303001664
55.5826673105 39.1303001664
55.4644145906 39.1303001664
55.3471951519 39.1303001664
55.2311190374 39.1303001664
55.1160936426 39.1303001664
55.0022417196 39.1303001664
54.8896587377 39.1303001664
54.7784038701 39.1303001664
54.6682787884 39.1303001664
54.5594146304 39.1303001664
54.4518855335 39.1303001664
54.3457184021 39.1303001664
54.2409207680 39.1303001664
54.1369247620 39.1303001664
54.0339824651 39.1303001664
53.9322088770 39.1303001664
53.8316426920 39.1303001664
53.7322822225 39.1303001664
53.6341079910 39.1303001664
53.5370913145 39.1303001664
53.4414274471 39.1303001664
53.3462593137 39.1303001664
53.2518820492 39.1303001664
53.1584237282 39.1303001664
53.0659330561 39.1303001664
52.9744080319 39.1303001664
52.8838279499 39.1303001664
52.7941600357 39.1303001664
52.7053813717 39.1303001664
52.6174503375 39.1303001664
52.5306031649 39.1303001664
52.4446660125 39.1303001664
52.3595375650 39.1303001664
52.2751486904 39.1303001664
52.1914553478 39.1303001664
52.1084259536 39.1303001664
52.0260338677 39.1303001664
51.9442563534 39.1303001664
51.8623576692 39.1303001664
51.7810551933 39.1303001664
51.7004046571 39.1303001664
51.6204060999 39.1303001664
51.5410431480 39.1303001664
51.4622936246 39.1303001664
51.3841488047 39.1303001664
51.3065798307 39.1303001664
51.2295738521 39.1303001664
51.1533822187 39.1303001664
51.0778414815 39.1303001664
51.0028648268 39.1303001664
50.9284052529 39.1303001664
50.8544348223 39.1303001664
50.7809336893 39.1303001664
50.7078979673 39.1303001664
50.6353153508 39.1303001664
50.5634514789 39.1303001664
50.4921570768 39.1303001664
50.4213484097 39.1303001664
50.3509817179 39.1303001664
50.2810320340 39.1303001664
50.2114839903 39.1303001664
50.1423246566 39.1303001664
50.0735573987 39.1303001664
50.0054536562 39.1303001664
49.9378678017 39.1303001664
49.8707127335 39.1303001664
49.8039445607 39.1303001664
49.7375510582 39.1303001664
49.6715177296 39.1303001664
49.6058322684 39.1303001664
49.5404969387 39.1303001664
49.4757803035 39.1303001664
49.4115245123 39.1303001664
49.3476508735 39.1303001664
49.2841208414 39.1303001664
49.2209269501 39.1303001664
49.1580584417 39.1303001664
49.0955059782 39.1303001664
49.0332744109 39.1303001664
48.9716277435 39.1303001664
48.9104137296 39.1303001664
48.8495559682 39.1303001664
48.7890189288 39.1303001664
48.7287974768 39.1303001664
48.6688860776 39.1303001664
48.6092838433 39.1303001664
48.5500030280 39.1303001664
48.4910456956 39.1303001664
48.4324140475 39.1303001664
48.3741096785 39.1303001664
48.3164061912 39.1303001664
48.2591729469 39.1303001664
48.2023414997 39.1303001664
48.1458855479 39.1303001664
48.0897945520 39.1303001664
48.0340647882 39.1303001664
47.9786979489 39.1303001664
47.9236927642 39.1303001664
47.8690481750 39.1303001664
47.9647054488 39.1303001664
48.0593380564 39.1303001664
48.1529345637 39.1303001664
48.2453941289 39.1303001664
48.3368677638 39.1303001664
48.4273635761 39.1303001664
48.5168994931 39.1303001664
48.6054950715 39.1303001664
48.6931616598 39.1303001664
48.7799113426 39.1303001664
48.8657522745 39.1303001664
48.9507030823 39.1303001664
49.0347696356 39.1303001664
49.1179693012 39.1303001664
49.2003129034 39.1303001664
49.2818060856 39.1303001664
49.3624583868 39.1303001664
49.4422804085 39.1303001664
49.5212954637 39.1303001664
49.5995079042 39.1303001664
49.6769292382 39.1303001664
49.7535698101 39.1303001664
49.8294396264 39.1303001664
49.9045484626 39.1303001664
49.9789011012 39.1303001664
50.0525074444 39.1303001664
50.1253766555 39.1303001664
50.1975298555 39.1303001664
50.2689691144 39.1303001664
50.3396998586 39.1303001664
50.4097310495 39.1303001664
50.4790779147 39.1303001664
50.3863483491 39.1303001664
50.2945205342 39.1303001664
50.2036996984 39.1303001664
50.1136287201 39.1303001664
50.0243007065 39.1303001664
49.9357089426 39.1303001664
49.8478469472 39.1303001664
49.7607081209 39.1303001664
49.6742821282 39.1303001664
49.5885656578 39.1303001664
49.5035516118 39.1303001664
49.4192332944 39.1303001664
49.3356042555 39.1303001664
49.2526561245 39.1303001664
49.1703784483 39.1303001664
49.0887680580 39.1303001664
49.0078187778 39.1303001664
48.9275247503 39.1303001664
48.8478798516 39.1303001664
48.7688778583 39.1303001664
48.6905089793 39.1303001664
48.6127682880 39.1303001664
48.5356488812 39.1303001664
48.4591448300 39.1303001664
48.3832503740 39.1303001664
48.3079603673 39.1303001664
48.2332694090 39.1303001664
48.1591688946 39.1303001664
48.0856586386 39.1303001664
48.0127713390 39.1303001664
47.9405413635 39.1303001664
47.8688744941 39.1303001664
47.7978055991 39.1303001664
47.7273570779 39.1303001664
47.6575437749 39.1303001664
47.5884128858 39.1303001664
47.5199544546 39.1303001664
47.4521551711 39.1303001664
47.3851531179 39.1303001664
47.3189216659 39.1303001664
47.2531424075 39.1303001664
47.1880174300 39.1303001664
47.1235704909 39.1303001664
47.0598106692 39.1303001664
46.9967429736 39.1303001664
46.9343602171 39.1303001664
46.8726478465 39.1303001664
46.8115941723 39.1303001664
46.7513159721 39.1303001664
46.6917514790 39.1303001664
46.6324608109 39.1303001664
46.5736336147 39.1303001664
46.5153566003 39.1303001664
46.4576646080 39.1303001664
46.4005665409 39.1303001664
46.3441993766 39.1303001664
46.2884854968 39.1303001664
46.2333807538 39.1303001664
46.1788587807 39.1303001664
46.1248938569 39.1303001664
46.0714678621 39.1303001664
46.0185591810 39.1303001664
45.9661542092 39.1303001664
45.9144167084 39.1303001664
45.8632503180 39.1303001664
45.8125937839 39.1303001664
45.7624120782 39.1303001664
45.7126882830 39.1303001664
45.6629181673 39.1303001664
45.6133821921 39.1303001664
45.5645057939 39.1303001664
45.5163233897 39.1303001664
45.4687057376 39.1303001664
45.4215754048 39.1303001664
45.3748985291 39.1303001664
45.3286548328 39.1303001664
45.2828276433 39.1303001664
45.2374054763 39.1303001664
45.1923790894 39.1303001664
45.1479197914 39.1303001664
45.1039245202 39.1303001664
45.0603382545 39.1303001664
45.0171289618 39.1303001664
44.9742756359 39.1303001664
44.9317635945 39.1303001664
44.8895814022 39.1303001664
44.8477189533 39.1303001664
44.8063470628 39.1303001664
44.0955084505 39.1303001664
44.0574550252 39.1303001664
44.0397796504 39.1303001664
44.0226730832 39.1303001664
44.0030962400 39.1303001664
43.9818399401 39.1303001664
43.9586653222 39.1303001664
43.9346490991 39.1303001664
43.9092834978 39.1303001664
43.8824543236 39.1303001664
43.8542894810 39.1303001664
43.8258612675 39.1303001664
43.7969793786 39.1303001664
43.7674463486 39.1303001664
43.7372673478 39.1303001664
43.7064882684 39.1303001664
43.6752149384 39.1303001664
43.6442175589 39.1303001664
43.6131663615 39.1303001664
43.5819275200 39.1303001664
43.5504838028 39.1303001664
43.5188602509 39.1303001664
43.4872028083 39.1303001664
43.4554943765 39.1303001664
43.4237447186 39.1303001664
43.3919753346 39.1303001664
43.3602095981 39.1303001664
43.3284715525 39.1303001664
43.2967818716 39.1303001664
43.2651588450 39.1303001664
43.2336179292 39.1303001664
43.2021726259 39.1303001664
43.1708349186 39.1303001664
43.1402393879 39.1303001664
43.1100327650 39.1303001664
43.0800243802 39.1303001664
43.1983694764 39.1303001664
43.3155120488 39.1303001664
43.4314893617 39.1303001664
43.5461817485 39.1303001664
43.6597964968 39.1303001664
43.7723388660 39.1303001664
43.8838206294 39.1303001664
43.9942534707 39.1303001664
44.1036487762 39.1303001664
44.2120205963 39.1303001664
44.3193799858 39.1303001664
44.4257454440 39.1303001664
44.5311211195 39.1303001664
44.6355181301 39.1303001664
44.7389474989 39.1303001664
44.8414207045 39.1303001664
44.9429457098 39.1303001664
45.0435329056 39.1303001664
45.1432029845 39.1303001664
45.2419593217 39.1303001664
45.3398157356 39.1303001664
45.4367776114 39.1303001664
45.5328556835 39.1303001664
45.4729305621 39.1303001664
45.4135909103 39.1303001664
45.3549187876 39.1303001664
45.2967524447 39.1303001664
45.2390874985 39.1303001664
45.1819189213 39.1303001664
45.1252423492 39.1303001664
45.0690535321 39.1303001664
45.0133480632 39.1303001664
44.9581215988 39.1303001664
44.9033698494 39.1303001664
44.8490883713 39.1303001664
44.7952682821 39.1303001664
44.7419079814 39.1303001664
44.6890030906 39.1303001664
44.6365489521 39.1303001664
44.5845410092 39.1303001664
44.5329708836 39.1303001664
44.4818369422 39.1303001664
44.4311345588 39.1303001664
44.3808594550 39.1303001664
44.3310069899 39.1303001664
44.2815732561 39.1303001664
44.2325505189 39.1303001664
44.1839376732 39.1303001664
44.1357300040 39.1303001664
44.0879232216 39.1303001664
44.0405134608 39.1303001664
43.9934963248 39.1303001664
43.9468674796 39.1303001664
43.9006228196 39.1303001664
43.8547559812 39.1303001664
43.8092705968 39.1303001664
43.7641791527 39.1303001664
43.7195032513 39.1303001664
43.6752490646 39.1303001664
43.6314335648 39.1303001664
43.5880564442 39.1303001664
43.5451169920 39.1303001664
43.5026153310 39.1303001664
43.4603979471 39.1303001664
43.4185460229 39.1303001664
43.3770986397 39.1303001664
43.3360736126 39.1303001664
43.2956419355 39.1303001664
43.2557548244 39.1303001664
43.2163805278 39.1303001664
43.1774919318 39.1303001664
43.1390711893 39.1303001664
43.1011086563 39.1303001664
43.0633001321 39.1303001664
43.0258049291 39.1303001664
42.9886587318 39.1303001664
42.9518920369 39.1303001664
42.9155275088 39.1303001664
42.8795681483 39.1303001664
42.8440078784 39.1303001664
42.8088428255 39.1303001664
42.7740676539 39.1303001664
42.7396702012 39.1303001664
42.7056435876 39.1303001664
42.6719763618 39.1303001664
42.7895321364 39.1303001664
42.9059334371 39.1303001664
43.0211331997 39.1303001664
43.1351437059 39.1303001664
43.2481067220 39.1303001664
43.3600335380 39.1303001664
43.4709320556 39.1303001664
43.5808131614 39.1303001664
43.6896876550 39.1303001664
43.7975707391 39.1303001664
43.9044701954 39.1303001664
44.0103966784 39.1303001664
44.1153613536 39.1303001664
44.2193736989 39.1303001664
44.3224431553 39.1303001664
44.4245884777 39.1303001664
44.5258114308 39.1303001664
44.6261224950 39.1303001664
44.7255318259 39.1303001664
44.8240496148 39.1303001664
44.9216858046 39.1303001664
44.8645903212 39.1303001664
44.8080628304 39.1303001664
44.7521801071 39.1303001664
44.6967858054 39.1303001664
44.6418755317 39.1303001664
44.5874449720 39.1303001664
44.5334899480 39.1303001664
44.4800061260 39.1303001664
44.4269892908 39.1303001664
44.3744319496 39.1303001664
44.3223327553 39.1303001664
44.2706870919 39.1303001664
44.2194904328 39.1303001664
44.1687379470 39.1303001664
44.1184252698 39.1303001664
44.0685481693 39.1303001664
44.0190992131 39.1303001664
43.9700766939 39.1303001664
43.9214762645 39.1303001664
43.8732934480 39.1303001664
43.8255238594 39.1303001664
43.7781634096 39.1303001664
43.7312082679 39.1303001664
43.6846520516 39.1303001664
43.6384933802 39.1303001664
43.5927279649 39.1303001664
43.5473518291 39.1303001664
43.5023608624 39.1303001664
43.4577527136 39.1303001664
43.4135335949 39.1303001664
43.3697079058 39.1303001664
43.3262764165 39.1303001664
43.2832407059 39.1303001664
43.2405336094 39.1303001664
43.1982330791 39.1303001664
43.1563440619 39.1303001664
43.1148729711 39.1303001664
43.0738205954 39.1303001664
43.0331873098 39.1303001664
42.9930841138 39.1303001664
42.9534775867 39.1303001664
42.9143397763 39.1303001664
42.8756521043 39.1303001664
42.8371727714 39.1303001664
42.7990204136 39.1303001664
42.7612497778 39.1303001664
42.7238860189 39.1303001664
42.6869435328 39.1303001664
42.6504187870 39.1303001664
42.6143107694 39.1303001664
42.5786113362 39.1303001664
42.5433161691 39.1303001664
42.5084153418 39.1303001664
42.4739039956 39.1303001664
42.4397762911 39.1303001664
42.4062331458 39.1303001664
42.3731782279 39.1303001664
42.3405500357 39.1303001664
42.3079652514 39.1303001664
42.2755977037 39.1303001664
42.2435358355 39.1303001664
42.2117685993 39.1303001664
42.1803209466 39.1303001664
42.1492067220 39.1303001664
42.1184311850 39.1303001664
42.0879935082 39.1303001664
42.0578895606 39.1303001664
42.0281159721 39.1303001664
41.9986647167 39.1303001664
41.9695276122 39.1303001664
41.9406975632 39.1303001664
41.9121667263 39.1303001664
41.8839286437 39.1303001664
41.8559786940 39.1303001664
41.8283042598 39.1303001664
41.8008985560 39.1303001664
41.7737554860 39.1303001664
41.7468689554 39.1303001664
41.7202331286 39.1303001664
41.6938409626 39.1303001664
41.6676891307 39.1303001664
41.6417706036 39.1303001664
41.6160814622 39.1303001664
41.5906166678 39.1303001664
41.5653715803 39.1303001664
41.5403408706 39.1303001664
41.5155198138 39.1303001664
41.4909062730 39.1303001664
41.4664947518 39.1303001664
41.4422823940 39.1303001664
41.4182636476 39.1303001664
41.3944372121 39.1303001664
41.3707988192 39.1303001664
41.3473446476 39.1303001664
41.3240716930 39.1303001664
41.3009764683 39.1303001664
41.2780562570 39.1303001664
41.2553087042 39.1303001664
41.2327302572 39.1303001664
41.2103260356 39.1303001664
41.1880927797 39.1303001664
41.1660263310 39.1303001664
41.1441226609 39.1303001664
41.1223787399 39.1303001664
40.7454666340 39.1303001664
40.7445666900 39.1303001664
40.7422552989 39.1303001664
40.7381480028 39.1303001664
40.7320130992 39.1303001664
40.7248662415 39.1303001664
40.7162334963 39.1303001664
40.7060498856 39.1303001664
40.6952000439 39.1303001664
40.6834289839 39.1303001664
40.6706945590 39.1303001664
40.6570892591 39.1303001664
40.6427299329 39.1303001664
40.6284063359 39.1303001664
40.6138064230 39.1303001664
40.5988257228 39.1303001664
40.5834794041 39.1303001664
40.5678174950 39.1303001664
40.5518963890 39.1303001664
40.5357557446 39.1303001664
40.5194502256 39.1303001664
40.5030240622 39.1303001664
40.4870031880 39.1303001664
40.4711121429 39.1303001664
40.4552139442 39.1303001664
40.4392645401 39.1303001664
40.4232636077 39.1303001664
40.4072236736 39.1303001664
40.3911603494 39.1303001664
40.3750900352 39.1303001664
40.3590269467 39.1303001664
40.3429836274 39.1303001664
40.3269709807 39.1303001664
40.3109984012 39.1303001664
40.2950742776 39.1303001664
40.2791988040 39.1303001664
40.2633797916 39.1303001664
40.2476150000 39.1303001664
40.2319164352 39.1303001664
40.2162925743 39.1303001664
40.2007486899 39.1303001664
40.1852813723 39.1303001664
40.1698945773 39.1303001664
40.1545921067 39.1303001664
40.1393769837 39.1303001664
40.1242456983 39.1303001664
40.1092014643 39.1303001664
40.0942474064 39.1303001664
40.0793860453 39.1303001664
40.0646131956 39.1303001664
40.0499313877 39.1303001664
40.0353434613 39.1303001664
40.0208516816 39.1303001664
40.0064516005 39.1303001664
39.9921453084 39.1303001664
39.9779352498 39.1303001664
39.9638233463 39.1303001664
39.9498050823 39.1303001664
39.9358825841 39.1303001664
39.9220575301 39.1303001664
39.9083312451 39.1303001664
39.8946991560 39.1303001664
39.8811627587 39.1303001664
39.8677233783 39.1303001664
39.8543820357 39.1303001664
39.8411343110 39.1303001664
39.8279812069 39.1303001664
39.8149237439 39.1303001664
39.8019626721 39.1303001664
39.7890983409 39.1303001664
39.7763255870 39.1303001664
39.7636448471 39.1303001664
39.7510566232 39.1303001664
39.7385612594 39.1303001664
39.7261592860 39.1303001664
39.7138456311 39.1303001664
39.7016201421 39.1303001664
39.6894835054 39.1303001664
39.6774358339 39.1303001664
39.6654772803 39.1303001664
39.6536073889 39.1303001664
39.6418208532 39.1303001664
39.6301171099 39.1303001664
39.6184964726 39.1303001664
39.6069592667 39.1303001664
39.5955062404 39.1303001664
39.5841352742 39.1303001664
39.5728526506 39.1303001664
39.5616523373 39.1303001664
39.5505238682 39.1303001664
39.5394646463 39.1303001664
39.5284738465 39.1303001664
39.5175511053 39.1303001664
39.5066961258 39.1303001664
39.4959085505 39.1303001664
39.4851879387 39.1303001664
39.4745337810 39.1303001664
39.4639386300 39.1303001664
39.4534025937 39.1303001664
39.4429265460 39.1303001664
39.4325112178 39.1303001664
39.4221569841 39.1303001664
39.4118639636 39.1303001664
39.4016320713 39.1303001664
39.3914610733 39.1303001664
39.3813506323 39.1303001664
39.3712944825 39.1303001664
39.3612949344 39.1303001664
39.3513538228 39.1303001664
39.3414720352 39.1303001664
39.3316498138 39.1303001664
39.3215837650 39.1303001664
39.3114248399 39.1303001664
39.3012506997 39.1303001664
39.2911033896 39.1303001664
39.2809981942 39.1303001664
39.2709415555 39.1303001664
39.2609372489 39.1303001664
39.2509867233 39.1303001664
39.2410914449 39.1303001664
39.2312517994 39.1303001664
39.2214690303 39.1303001664
39.2117433788 39.1303001664
39.2020745246 39.1303001664
39.3394994784 39.1303001664
39.4755774077 39.1303001664
39.6103488816 39.1303001664
39.7437300870 39.1303001664
39.8759351641 39.1303001664
39.8574374065 39.1303001664
39.8390924100 39.1303001664
39.8210277925 39.1303001664
39.8032394761 39.1303001664
39.7857550332 39.1303001664
39.7685413123 39.1303001664
39.7515269549 39.1303001664
39.7346871486 39.1303001664
39.7180081045 39.1303001664
39.7014858486 39.1303001664
39.6851212402 39.1303001664
39.6687545997 39.1303001664
39.6524944720 39.1303001664
39.6363853075 39.1303001664
39.6204458981 39.1303001664
39.6046570429 39.1303001664
39.5890245273 39.1303001664
39.5735567484 39.1303001664
39.5582544715 39.1303001664
39.5431196682 39.1303001664
39.5281539112 39.1303001664
39.5133621875 39.1303001664
39.4987445074 39.1303001664
39.4843009904 39.1303001664
39.4700292456 39.1303001664
39.4559346869 39.1303001664
39.4420165894 39.1303001664
39.4282734297 39.1303001664
39.4147122063 39.1303001664
39.4013263697 39.1303001664
39.3881174360 39.1303001664
39.3750801015 39.1303001664
39.3622167483 39.1303001664
39.3495221129 39.1303001664
39.3369972136 39.1303001664
39.3246367775 39.1303001664
39.3124412498 39.1303001664
39.3004103647 39.1303001664
39.2885376181 39.1303001664
39.2768232594 39.1303001664
39.2652651895 39.1303001664
39.2538604076 39.1303001664
39.2426055581 39.1303001664
39.2311935191 39.1303001664
39.2197930516 39.1303001664
39.2084886245 39.1303001664
39.1973247803 39.1303001664
39.1863172453 39.1303001664
39.1754704662 39.1303001664
39.1647851000 39.1303001664
39.1542536251 39.1303001664
39.1438736211 39.1303001664
39.1336426482 39.1303001664
39.1235572467 39.1303001664
39.1136086857 39.1303001664
39.1037943205 39.1303001664
39.0941105826 39.1303001664
39.0845539834 39.1303001664
39.0751212287 39.1303001664
39.0658090389 39.1303001664
39.0566080828 39.1303001664
39.0475167189 39.1303001664
39.0385321220 39.1303001664
39.0296514016 39.1303001664
39.0208717828 39.1303001664
39.0121897780 39.1303001664
39.0036023194 39.1303001664
38.9951068075 39.1303001664
38.9867005409 39.1303001664
38.9783820531 39.1303001664
38.9701466189 39.1303001664
38.9619929928 39.1303001664
38.9539173710 39.1303001664
38.9459181678 39.1303001664
38.9379923345 39.1303001664
38.9301770232 39.1303001664
38.9224513429 39.1303001664
38.9148046163 39.1303001664
38.9072317192 39.1303001664
38.8997270086 39.1303001664
38.8922878198 39.1303001664
38.8849121225 39.1303001664
38.8775979377 39.1303001664
38.8703432969 39.1303001664
38.8631462915 39.1303001664
38.8560058048 39.1303001664
38.8489203496 39.1303001664
38.8418902487 39.1303001664
38.8349132170 39.1303001664
38.8279874198 39.1303001664
38.8211126831 39.1303001664
38.8142874293 39.1303001664
38.8075118075 39.1303001664
38.8007838849 39.1303001664
38.7941040909 39.1303001664
38.7874701420 39.1303001664
38.7808819739 39.1303001664
38.7743381100 39.1303001664
38.7678395341 39.1303001664
38.7613843665 39.1303001664
38.7549734019 39.1303001664
38.7486043945 39.1303001664
38.7422778352 39.1303001664
38.7359916103 39.1303001664
38.7297463855 39.1303001664
38.7235400902 39.1303001664
38.7173738685 39.1303001664
38.7112476897 39.1303001664
38.7051611646 39.1303001664
38.6991124526 39.1303001664
38.6931030994 39.1303001664
38.6871308934 39.1303001664
38.6811967951 39.1303001664
38.6752987654 39.1303001664
38.6694377800 39.1303001664
38.6636119267 39.1303001664
38.6578223942 39.1303001664
38.6520677366 39.1303001664
38.6463498557 39.1303001664
38.6406682572 39.1303001664
38.6350224263 39.1303001664
38.4256705981 39.1303001664
38.4298581244 39.1303001664
38.4468609346 39.1303001664
38.4615388532 39.1303001664
38.4741073857 39.1303001664
38.4843897730 39.1303001664
38.4923599332 39.1303001664
38.4990502694 39.1303001664
38.5040174184 39.1303001664
38.5079580207 39.1303001664
38.5104068180 39.1303001664
38.5114123528 39.1303001664
38.5118663055 39.1303001664
38.5114223618 39.1303001664
38.5101351182 39.1303001664
38.5081188060 39.1303001664
38.5054642873 39.1303001664
38.5028029479 39.1303001664
38.4997844025 39.1303001664
38.4963397417 39.1303001664
38.4925311815 39.1303001664
38.4884257750 39.1303001664
38.4840733707 39.1303001664
38.4795118093 39.1303001664
38.4751826682 39.1303001664
38.4707916185 39.1303001664
38.4662442249 39.1303001664
38.4615543025 39.1303001664
38.4567469087 39.1303001664
38.4518420557 39.1303001664
38.4468624680 39.1303001664
38.4418161437 39.1303001664
38.4367211680 39.1303001664
38.4315815813 39.1303001664
38.4264138192 39.1303001664
38.4212198579 39.1303001664
38.4160147434 39.1303001664
38.4107975514 39.1303001664
38.4055821850 39.1303001664
38.4003687578 39.1303001664
38.3951686975 39.1303001664
38.3899807532 39.1303001664
38.3848089524 39.1303001664
38.3796558450 39.1303001664
38.3745326588 39.1303001664
38.3694377068 39.1303001664
38.3643790115 39.1303001664
38.3593530492 39.1303001664
38.3543660866 39.1303001664
38.3494150574 39.1303001664
38.3445052233 39.1303001664
38.3396334011 39.1303001664
38.3348053341 39.1303001664
38.3300174381 39.1303001664
38.3252747994 39.1303001664
38.3205739203 39.1303001664
38.3159195486 39.1303001664
38.3113086175 39.1303001664
38.3067427220 39.1303001664
38.3024173733 39.1303001664
38.2982237767 39.1303001664
38.2941113294 39.1303001664
38.2900644360 39.1303001664
38.2860761620 39.1303001664
38.2821500348 39.1303001664
38.2782829297 39.1303001664
38.2744772977 39.1303001664
38.2707295578 39.1303001664
38.2670102788 39.1303001664
38.2633251768 39.1303001664
38.2596819284 39.1303001664
38.2560799307 39.1303001664
38.2525245728 39.1303001664
38.2490191935 39.1303001664
38.2455605119 39.1303001664
38.2421506607 39.1303001664
38.2387908865 39.1303001664
38.2354762879 39.1303001664
38.2322079625 39.1303001664
38.2289872820 39.1303001664
38.2258094337 39.1303001664
38.2226745256 39.1303001664
38.2195822168 39.1303001664
38.2165254326 39.1303001664
38.2135040381 39.1303001664
38.2105170671 39.1303001664
38.2075577235 39.1303001664
38.2046332577 39.1303001664
38.2017406730 39.1303001664
38.1988706604 39.1303001664
38.1960241603 39.1303001664
38.1932013925 39.1303001664
38.1903960914 39.1303001664
38.1876097426 39.1303001664
38.1848441776 39.1303001664
38.1820943611 39.1303001664
38.1793622664 39.1303001664
38.1766511885 39.1303001664
38.1739617496 39.1303001664
38.1712861694 39.1303001664
38.1686259315 39.1303001664
38.1661987695 39.1303001664
38.1639115651 39.1303001664
38.1617003572 39.1303001664
38.1595332274 39.1303001664
38.1574013827 39.1303001664
38.1553013005 39.1303001664
38.1532232577 39.1303001664
38.1511672145 39.1303001664
38.1491337243 39.1303001664
38.1471227884 39.1303001664
38.1451264571 39.1303001664
38.1431480014 39.1303001664
38.1411895263 39.1303001664
38.1392515398 39.1303001664
38.1373336044 39.1303001664
38.1354275364 39.1303001664
38.1335363357 39.1303001664
38.1316618647 39.1303001664
38.1298044551 39.1303001664
38.1279635653 39.1303001664
38.1261398210 39.1303001664
38.1243327968 39.1303001664
38.1225357473 39.1303001664
38.1207508261 39.1303001664
38.1189792810 39.1303001664
38.1172211250 39.1303001664
38.2612508972 39.1303001664
38.4038765396 39.1303001664
38.5451608076 39.1303001664
38.6850262841 39.1303001664
38.8236878654 39.1303001664
38.9611589477 39.1303001664
39.0974523207 39.1303001664
39.2325805742 39.1303001664
39.3665571704 39.1303001664
39.4993912480 39.1303001664
39.6310951768 39.1303001664
39.7616833473 39.1303001664
39.8911675390 39.1303001664
40.0195598530 39.1303001664
40.1468723259 39.1303001664
40.2731139271 39.1303001664
40.3982963671 39.1303001664
40.5224362702 39.1303001664
40.6455426372 39.1303001664
40.7676281565 39.1303001664
40.8887013778 39.1303001664
41.0087736441 39.1303001664
41.1278563230 39.1303001664
41.2459602744 39.1303001664
41.2137053216 39.1303001664
41.1817886747 39.1303001664
41.1502680876 39.1303001664
41.1190659572 39.1303001664
41.0881795955 39.1303001664
41.0576063006 39.1303001664
41.0273430359 39.1303001664
40.9973872168 39.1303001664
40.9677361306 39.1303001664
40.9383871801 39.1303001664
40.9093376195 39.1303001664
40.8805847175 39.1303001664
40.8521257748 39.1303001664
40.8239579453 39.1303001664
40.7960784213 39.1303001664
40.7684816436 39.1303001664
40.7411674245 39.1303001664
40.7141326981 39.1303001664
40.6873743187 39.1303001664
40.6608894095 39.1303001664
40.6346751349 39.1303001664
40.6087287393 39.1303001664
40.5830447715 39.1303001664
40.5576229972 39.1303001664
40.5324598166 39.1303001664
40.5075528558 39.1303001664
40.4828992574 39.1303001664
40.4584963553 39.1303001664
40.4343415054 39.1303001664
40.4104321309 39.1303001664
40.3867653112 39.1303001664
40.3633360973 39.1303001664
40.3401443283 39.1303001664
40.3171869032 39.1303001664
40.2944613030 39.1303001664
40.2719649728 39.1303001664
40.2496954777 39.1303001664
40.2276502807 39.1303001664
40.2058270383 39.1303001664
40.1842237787 39.1303001664
40.1628385443 39.1303001664
40.1416690021 39.1303001664
40.1207132273 39.1303001664
40.0999686160 39.1303001664
40.0794328464 39.1303001664
40.0591037518 39.1303001664
40.0389789964 39.1303001664
40.0190562202 39.1303001664
39.9993332282 39.1303001664
39.9798080269 39.1303001664
39.9604817449 39.1303001664
39.9413580922 39.1303001664
39.9224394834 39.1303001664
39.9037286731 39.1303001664
39.8851808631 39.1303001664
39.8668172265 39.1303001664
39.8486433890 39.1303001664
39.8307023371 39.1303001664
39.8130013588 39.1303001664
39.7955356914 39.1303001664
39.7783021915 39.1303001664
39.7613028255 39.1303001664
39.7445335160 39.1303001664
39.7279923066 39.1303001664
39.7116754266 39.1303001664
39.6955801296 39.1303001664
39.6797052005 39.1303001664
39.6640441654 39.1303001664
39.6485946955 39.1303001664
39.6331660444 39.1303001664
39.6178572347 39.1303001664
39.6027160969 39.1303001664
39.5877641587 39.1303001664
39.5730103463 39.1303001664
39.5584574261 39.1303001664
39.5441054354 39.1303001664
39.5299532825 39.1303001664
39.5159977034 39.1303001664
39.5022350534 39.1303001664
39.4886615010 39.1303001664
39.4752721622 39.1303001664
39.4620623584 39.1303001664
39.4490274263 39.1303001664
39.4361628723 39.1303001664
39.4234644938 39.1303001664
39.4109281568 39.1303001664
39.3985499371 39.1303001664
39.3863259623 39.1303001664
39.3742482998 39.1303001664
39.3623147587 39.1303001664
39.3505225736 39.1303001664
39.3388684349 39.1303001664
39.3273493444 39.1303001664
39.3159634097 39.1303001664
39.3047065262 39.1303001664
39.2935753321 39.1303001664
39.2825680057 39.1303001664
39.2716810696 39.1303001664
39.2609126127 39.1303001664
39.2502606003 39.1303001664
39.2397215729 39.1303001664
39.2292936520 39.1303001664
39.2189753500 39.1303001664
39.2087646537 39.1303001664
39.1986595260 39.1303001664
39.1886584277 39.1303001664
39.1787596128 39.1303001664
